56.41588493  
16.38813526  
154.4026157  
114.9739106  
1694.19415  
698.4512288  
6763.480663  
2651.901498  
2392.170291  
1614.975141  
10477.82082  
3563.67814  
2685.482392  
3395.969168  
2595.088877  
6167.743595  
4754.824186  
161.6054023  
576.8764007  
799.9298938  
7762.144191  
8371.299764  
7006.485376  
2814.726158  
6367.954453  
2142.630826  
9453.380399  
15776.93238  
6070.205956  
8968.626335  
5269.674571  
34660.33603  
4534.819318  
2948.611303  
21058.79555  
27528.25211  
10583.52493  
25808.99314  
12875.94966  
2692.68255  
28894.02915  
20732.5803  
62785.00624  
31483.04069  
4541.749048  
44322.99032  
13807.53059  
36029.87989  
27778.14159  
5821.473312  
8326.838529  
11154.16097  
24503.87625  
2413.983233  
3039.544733  
15755.60454  
16773.00186  
21377.35702  
5384.778635  
4910.442866  
50.50791031  
3391.932421  
1260.063298  
1570.136843  
3285.278318  
5378.460295  
3842.731222  
6587.192799  
2022.705113  
5922.507793  
1508.846193  
4476.377486  
2148.112155  
1798.642221  
2922.164818  
8772.193327  
458.2234122  
4025.061977  
10555.03791  
6688.8869  
1751.86755  
53.50547601  
2041.225697  
75.26697123  
1427.706981  
2961.787334  
2845.813429  
4611.279996  
3448.012678  
584.6128133  
8084.266622  
1105.234846  
1321.591882  
306.6174876  
1986.735556  
67.50500293  
1743.747017  
792.2961101  
347.1503428  
1001.791221  
2857.099539  
2152.435204  
1019.122952  
902.8861924  
117.6202513  
1995.457802  
586.9450157  
166.5526525  
1535.264272  
3654.613373  
1080.880911  
243.450066  
750.2373174  
276.7145678  
2832.00311  
1025.665335  
73.38034325  
1291.680523  
1646.687713  
360.4097583  
488.3899487  
161.9790546  
1843.714661  
119.5212675  
3075.284907  
806.4372488  
95.88652867  
4009.797071  
144.4398898  
265.8818143  
1766.495738  
721.1046077  
79.46216488  
570.7738395  
820.5126554  
524.3486183  
70.96784807  
523.6548281  
834.1083481  
304.5902478  
581.3477249  
2506.450679  
230.8495561  
3178.018259  
1532.618277  
616.5775422  
809.3176979  
1031.029829  
603.2277075  
902.1202942  
1232.52089  
1221.927475  
17.28514249  
1179.3169  
684.5907029  
474.5817304  
1521.635575  
58.07162225  
25.15943661  
282.1517588  
908.1280502  
333.3888307  
2188.213388  
845.4956977  
258.1036651  
688.9110143  
1657.622572  
2247.207253  
2430.277482  
1065.612673  
2093.177142  
5163.23766  
1001.529622  
225.6241834  
2651.233626  
3412.171686  
197.951136  
1177.669469  
3913.249987  
104.0643305  
6738.339974  
3413.888496  
1383.120539  
1033.060031  
1401.922736  
250.2042717  
930.6870547  
855.1396685  
176.2506665  
687.8207258  
855.1789732  
78.01302148  
2719.285064  
497.9881199  
197.7445876  
238.0786418  
642.067114  
1305.433678  
102.9004938  
387.5567483  
295.2125378  
2143.953071  
73.90371105  
898.9629741  
272.7854208  
1329.222687  
115.7600185  
550.1169362  
1099.142037  
1301.561787  
424.4150892  
21.54994906  
550.6725  
2989.793755  
584.4836443  
132.3875816  
1858.337933  
252.3974135  
3280.454228  
3870.371576  
489.2367791  
603.5780311  
527.8589618  
62.53611501  
2712.014459  
2773.011936  
291.2092147  
208.9510999  
4725.596589  
509.0179964  
2200.63578  
2858.287591  
2753.306639  
1101.477517  
1728.029918  
1019.089972  
455.2221192  
485.0477968  
55.66740468  
4235.759432  
214.603076  
1146.169194  
1661.881936  
563.3972152  
254.4285425  
1003.297589  
750.4771854  
302.9802855  
1827.201375  
1228.960103  
110.7505628  
1731.570122  
939.0214573  
4125.721826  
713.9560953  
1885.365352  
77.99948386  
4121.752956  
2615.643961  
3479.853451  
744.3709699  
22323.92154  
10706.23372  
1919.953909  
2031.999249  
5797.746286  
229.0058458  
2057.500186  
26659.71591  
3950.572665  
9103.694149  
64365.9686  
29941.86192  
2643.518537  
31183.99273  
7538.942766  
8132.465158  
124.9511913  
1603.340475  
1505.266092  
350.2206458  
1056.947228  
4693.853632  
474.7047016  
1268.907537  
9014.740746  
825.8690973  
1601.467393  
1835.281232  
1316.080785  
245.2755143  
151.9628508  
182.5340624  
209.7993845  
103.6517374  
