31.38400732  
24.6851499  
134.1360259  
929.1534245  
753.5823028  
104.7526642  
516.5222431  
1047.781842  
2031.832607  
3074.826635  
5692.402587  
3598.4309  
7727.134361  
2534.784645  
2469.170024  
1265.192092  
884.4833741  
4955.930556  
302.3578898  
61.69755102  
1131.753109  
3066.326285  
1320.976202  
5659.922268  
6398.463895  
4114.770366  
6530.955009  
976.842342  
1126.372604  
442.5156747  
4934.290612  
4190.746  
1082.117812  
154.5130422  
1674.85749  
6164.33596  
4359.150394  
3277.920041  
1570.2582  
26.63877442  
1240.077291  
85.03139465  
805.8946382  
164.0138961  
66.76567593  
2912.748469  
1456.93936  
880.6077834  
1560.751584  
852.3524296  
1656.202361  
2494.008529  
1940.613413  
585.0884545  
538.5637061  
166.5546589  
477.3446606  
8.31653508  
138.1338756  
1243.281831  
198.3829109  
402.1322268  
290.2408017  
65.58021943  
9.3561273  
1805.849041  
2011.147135  
923.3799296  
67.78085717  
914.1981154  
115.665934  
164.8662533  
1979.576488  
714.6345531  
1567.491135  
2465.725671  
377.9929528  
651.5686907  
341.6576296  
320.4861467  
953.8562362  
958.4217144  
4887.071253  
306.8181205  
1119.39311  
2384.713832  
1213.690325  
106.3829924  
3166.135286  
2956.074997  
1585.257143  
754.8169094  
203.9397912  
73.18979897  
279.2454235  
621.3847363  
937.8070794  
3118.794492  
82.63060947  
910.3843403  
483.9948812  
527.1227467  
1294.027371  
1320.696536  
189.3321841  
195.4976025  
159.8307404  
130.9360894  
367.7518815  
929.4942208  
893.2343879  
818.3717432  
246.0947851  
346.8714253  
18.24181866  
222.0009723  
343.6571713  
145.8658593  
558.7808955  
1209.199104  
268.9770469  
1471.16491  
62.98270435  
962.3513581  
1675.368569  
1131.364459  
956.106542  
1190.575791  
1058.968846  
1122.336553  
187.0248506  
238.8983273  
927.4866995  
102.3997606  
540.3298235  
134.8332463  
301.0240385  
103.0326654  
276.9392217  
1598.647457  
683.1876514  
361.470119  
304.3226212  
51.53128196  
1403.106648  
2661.579432  
296.5857051  
135.8401913  
166.5576987  
636.6098731  
58.26680629  
316.4699395  
290.4200479  
819.3519894  
695.5885915  
337.8612933  
246.8683901  
155.1231464  
410.1994647  
145.5394216  
400.1303603  
709.6452624  
1547.273117  
208.7245144  
140.6343745  
983.667085  
1641.244322  
1222.971593  
2095.308733  
148.803009  
606.6299381  
1094.527151  
1416.462343  
1857.834171  
214.6028882  
18.27848563  
189.3212862  
589.7344372  
393.1722237  
192.0845341  
180.371679  
252.1843231  
1036.949833  
1591.091486  
1995.168995  
50.86907376  
304.573683  
90.0687354  
605.6526951  
1429.257299  
421.4650246  
1270.162574  
1358.59308  
648.1481006  
817.8952807  
732.7389728  
1084.246082  
67.70261529  
891.3250022  
119.8058949  
55.50361224  
106.5981196  
719.7804301  
15.6085937  
475.0871967  
228.5643113  
1149.778777  
1367.778106  
881.7157071  
714.8847858  
206.7304278  
1674.926277  
10.72592799  
506.4806905  
244.0421981  
850.2667301  
43.54454966  
395.0506762  
8.996063037  
98.67599216  
74.28273057  
114.6641591  
452.2198782  
844.7206406  
240.1569718  
143.4869407  
322.5947527  
757.1852031  
30.47080139  
352.4324816  
924.015671  
213.7519797  
43.20757029  
549.716321  
269.779942  
340.8787791  
39.02296927  
566.7972624  
49.02594915  
217.574157  
367.8052327  
187.5199391  
1098.141265  
53.63862807  
202.8770389  
21.75408557  
225.3615945  
51.70311167  
278.6373625  
126.1832333  
57.61230635  
162.6945786  
21.91998237  
145.8228166  
96.35284111  
25.00104813  
76.70348682  
31.50222528  
79.49565686  
823.9733813  
466.5199921  
178.0479958  
273.3053506  
46.20999085  
186.0600203  
221.3541603  
52.35487639  
398.6937677  
48.587989  
105.8952478  
160.913975  
469.542972  
86.72736315  
154.0256908  
195.8744214  
275.230669  
180.0679106  
231.4760038  
116.7045939  
98.12635557  
68.90445108  
145.6651564  
129.6520449  
5.480985832  
57.53568062  
45.761294  
135.7605352  
18.19494687  
22.98272902  
181.3183814  
150.3609698  
141.4372924  
18.30144204  
209.7136275  
280.1512273  
