86.10959302  
19.57324217  
39.29787562  
42.32240621  
290.5466652  
133.5710882  
195.0938272  
1609.467468  
1384.688665  
1693.545553  
474.8761054  
754.065562  
2664.69377  
611.0348826  
241.9142064  
948.9311146  
796.2467944  
453.4781848  
545.6668952  
1723.900693  
4626.683593  
958.6834343  
6833.765484  
1447.731022  
1161.621139  
685.1430933  
6347.650892  
3624.48084  
1443.849643  
2617.722451  
3412.620158  
7726.097437  
133.2363669  
1760.286813  
3096.653476  
1725.983212  
747.2977708  
665.4711336  
2866.407858  
18.81706931  
4459.760149  
596.8999574  
3154.181638  
5118.214062  
705.5456233  
4641.839482  
5464.621611  
3161.361017  
3308.251313  
353.157212  
342.7386761  
1351.62331  
4266.937444  
522.7658082  
824.7570003  
1033.548338  
2061.193631  
2395.184819  
1695.766241  
70.46052568  
1744.456145  
810.6156026  
333.3487589  
167.7523199  
775.7444952  
839.5661568  
462.6486094  
332.2092002  
472.2258891  
572.9775779  
79.57066499  
63.15244804  
245.738283  
762.9281462  
4055.385972  
504.4607727  
805.679389  
438.6299227  
380.3760007  
544.1216887  
759.7625625  
433.7694638  
2986.194151  
1687.773019  
3537.491477  
414.0766673  
139.6225571  
1020.29849  
310.9202319  
422.2420642  
1657.846811  
126.9472051  
288.0417894  
116.9238043  
238.627546  
338.805139  
62.87560744  
152.1491194  
20.39983075  
277.7384334  
21.00693996  
352.4153252  
2343.446715  
592.69169  
1425.72456  
223.594201  
93.9579161  
131.7071064  
668.4630684  
426.3239365  
53.59904499  
2639.29908  
624.2895234  
187.5023743  
402.8707347  
979.3446087  
603.5394233  
202.7465461  
706.6392486  
370.1868638  
1175.749027  
309.7170034  
277.7446173  
463.8065536  
1067.810321  
131.5923992  
92.1278616  
892.7590704  
1349.450943  
196.2454808  
910.9951181  
808.4349405  
390.0915363  
128.9391501  
671.633704  
2100.128494  
1060.35722  
1342.788432  
696.1472498  
576.8613946  
56.6698848  
421.9141863  
1231.157878  
1039.13784  
689.7900268  
984.2095575  
3257.940111  
1728.715653  
746.7494578  
1236.172323  
221.5888531  
499.6782967  
499.9778349  
727.0772557  
361.1579121  
196.8359266  
318.981201  
303.5598469  
650.4250919  
286.6741659  
1853.863733  
37.63356  
607.906938  
1986.826957  
144.5873249  
1918.094766  
26.75425147  
1075.441242  
1564.874581  
1782.518144  
494.3379481  
3158.698498  
340.3538243  
283.6353635  
576.296691  
264.9929875  
1181.909062  
208.8535673  
118.3805904  
40.73521477  
2340.597166  
577.8592662  
322.7629385  
990.5801239  
77.87919845  
52.63864597  
380.5362731  
512.2665977  
653.6424504  
419.0436989  
754.7120749  
647.6026443  
538.1607274  
331.8652954  
610.3711042  
550.0806019  
203.4182692  
384.6617494  
1246.157637  
208.7698781  
208.389091  
322.2072296  
58.68712977  
32.90767317  
16.45434067  
784.9821941  
92.78933298  
87.42086303  
1128.684484  
123.5562751  
532.398408  
34.80948336  
548.4114636  
511.856368  
1.142541482  
429.1026918  
958.0563335  
606.6366548  
147.4148349  
639.3498207  
72.86531896  
94.80215763  
290.7025563  
752.8597715  
180.9368783  
3.718479433  
49.9187929  
153.937883  
336.3295431  
754.7183706  
37.97981208  
27.69237459  
734.6101041  
37.49415917  
351.4863566  
801.2059138  
139.9066388  
82.99163729  
88.34545619  
808.8323902  
199.0827463  
16.729822  
94.32619659  
8.318158283  
374.3587066  
468.2139814  
210.8128223  
106.7990615  
105.2576657  
211.3075339  
28.01812775  
339.2190674  
253.4747968  
640.645808  
247.7102288  
206.3284556  
409.8882767  
980.5494229  
643.0524945  
804.8486045  
284.241993  
3515.596021  
2969.516477  
2565.363295  
1280.328922  
1131.636525  
1710.930084  
543.0070571  
10661.95045  
645.1471205  
2242.848779  
26849.82493  
5069.024769  
3179.398763  
8353.171946  
1632.261238  
3804.825482  
585.8913055  
775.5968316  
156.3128603  
719.2819416  
176.6023761  
2222.254291  
781.6608671  
820.1622707  
2241.551119  
6.330557761  
43.86809093  
33.83378439  
169.1422403  
102.5799629  
213.3210385  
20.25466163  
180.8997983  
206.8829787  
