18.27835766  
30.16289386  
9.463669995  
26.64916596  
104.5472374  
67.51812897  
261.2620322  
50.27380804  
882.9099387  
719.1552196  
22.96258679  
643.297956  
1503.330058  
3395.838893  
684.7744979  
1115.103876  
224.0161487  
1502.489982  
476.26549  
616.1505568  
912.8215754  
430.3268854  
1103.501773  
2536.018088  
133.8036304  
669.6254028  
4162.310801  
3654.611123  
1103.888559  
349.8445752  
411.2646577  
936.3521019  
444.9455957  
747.0878437  
608.9104322  
888.5316466  
179.8420899  
504.4784284  
698.3691131  
1818.012659  
2513.397739  
2583.185455  
7535.621536  
1179.255356  
173.2313824  
3143.407466  
49.91964146  
1122.789853  
2351.021749  
803.37598  
91.94393533  
344.7218991  
366.4617851  
283.2072555  
467.7032499  
2569.777403  
1672.059627  
37.31860861  
782.9501658  
2637.65948  
345.256057  
37.48285862  
254.6382204  
267.0484244  
529.6369939  
175.4257218  
616.3991325  
1169.276997  
1102.7674  
898.4604648  
612.350144  
586.7829239  
1204.404886  
317.5540886  
731.708693  
785.8603417  
477.3114495  
1521.256346  
441.073329  
187.1216794  
181.9683163  
1625.852776  
466.4329056  
107.8619251  
1346.059253  
284.4382179  
598.5687255  
118.0585483  
39.87814904  
444.8728051  
51.28097574  
375.1785952  
62.55275354  
49.42483438  
1288.88208  
411.9492894  
103.0100951  
550.7515473  
447.7923834  
1240.70888  
1127.960315  
20.17729192  
370.0840724  
79.58631047  
136.5185606  
1036.608581  
430.8973534  
1220.517585  
421.5605816  
428.7932229  
3526.935508  
566.6064157  
114.1597043  
803.3530709  
683.0415593  
4278.824163  
1932.73693  
220.0607559  
74.31163826  
1154.3027  
756.6394636  
344.8634664  
1730.253625  
363.3899623  
316.4725636  
540.926505  
1618.32354  
1220.718573  
1458.325378  
681.1381732  
1757.99923  
15.98790631  
1766.4333  
894.7325649  
462.9176752  
345.6282482  
194.3254047  
130.7341308  
28.34295478  
1046.195993  
499.5590393  
310.2765446  
1051.591399  
378.7685441  
1961.326006  
2936.064674  
935.3275502  
2736.297242  
2263.589092  
7.845774719  
477.2366841  
920.6039261  
21.21406105  
950.3107119  
483.9609585  
2643.537536  
1434.55806  
667.5773629  
593.2277464  
998.1398139  
1848.914503  
597.4488942  
2671.427104  
1773.197612  
248.3309354  
677.5820701  
1548.378875  
795.033285  
62.49631956  
1403.776962  
240.7816032  
2026.508938  
1760.151053  
1925.556554  
3205.823977  
1084.279031  
375.7898662  
327.6091223  
61.0375761  
71.09489177  
122.1495704  
808.3682074  
4074.003404  
348.9551013  
335.2490331  
1703.003782  
1832.619161  
1166.594272  
1029.86428  
243.3728077  
1150.991944  
332.9302849  
4120.23554  
128.1794408  
1106.838226  
480.3619961  
343.969011  
739.1168314  
484.8754432  
1066.040473  
157.6018455  
1102.31895  
1139.531777  
9.37449512  
276.8784971  
183.961883  
617.1488451  
461.6710259  
1000.187538  
447.211902  
858.9153205  
1770.41814  
31.62179843  
174.6185703  
87.41472312  
2197.497515  
63.25514554  
884.3766733  
195.4068019  
816.6830038  
578.0784341  
29.94170396  
481.331729  
424.1280229  
350.0058682  
168.5429812  
422.9917565  
243.8074233  
533.6358801  
20.99034994  
217.6486718  
164.1674699  
911.9934452  
333.5946171  
634.7355317  
295.9191647  
226.4707668  
772.3618727  
2019.856758  
81.01975262  
102.0797664  
601.4565848  
234.6572049  
111.0767974  
266.5924585  
629.0523119  
307.0084643  
33.06690897  
566.5453527  
23.44639045  
122.2997778  
307.8049842  
341.5235871  
93.90003846  
392.6162572  
302.0599807  
244.732415  
334.8599675  
323.8821014  
534.1444826  
220.6129126  
1741.834675  
2562.677387  
661.9033202  
543.5118795  
874.71435  
105.4917246  
280.0203155  
2592.753536  
1038.720696  
396.6410635  
8583.678964  
3821.811886  
521.9566819  
4331.957346  
2956.607777  
1868.96788  
285.1431675  
31.94408254  
456.6228524  
120.7655829  
557.1089204  
348.8446008  
179.5049575  
414.0226192  
868.5370135  
169.9989769  
81.62068856  
106.4866076  
637.1187881  
238.5918243  
168.5063375  
88.97777738  
324.8820867  
403.046088  
