57.62274671  
44.6544013  
9.06831754  
749.0208429  
766.466808  
74.44192552  
123.1901622  
3.021750219  
1584.507941  
1160.862271  
1162.947481  
1345.731914  
1012.225985  
2105.425406  
1074.384465  
6809.711868  
5675.452021  
5169.313476  
1204.493384  
10281.10463  
3110.187095  
23770.40111  
9725.088621  
11612.82322  
4006.802843  
4725.714582  
9657.971707  
18778.41595  
11424.59205  
5378.866368  
27632.71142  
9024.305929  
192.2797383  
2885.931866  
2653.697479  
532.7839578  
474.8915274  
128.8019318  
21688.75988  
2492.882798  
2061.327724  
1408.477816  
4154.402882  
2737.225163  
8812.478016  
3032.043447  
1406.631931  
799.6458136  
1429.406043  
714.7822692  
302.1951571  
17185.94335  
1965.584196  
2297.074894  
96.23391635  
822.5462033  
284.1619243  
1122.916076  
373.4354219  
212.5318561  
421.8773118  
42.33072516  
98.67400646  
1936.254961  
49.91788646  
460.7191934  
13.7851797  
263.1685683  
1447.018874  
113.6357353  
1454.360031  
95.96049995  
59.01398083  
986.3840427  
1739.812839  
1006.193678  
2148.588207  
368.2480075  
397.6101695  
554.3291698  
402.7750935  
6.036643452  
58.65240082  
609.1017874  
342.618959  
33.9311878  
1606.688097  
542.4541316  
29.12477267  
428.6430337  
632.9693568  
1142.458195  
1662.905668  
850.4844162  
91.68890519  
735.7444966  
939.0285684  
289.7238445  
244.5884628  
286.9467184  
93.62525165  
818.5875188  
616.2778829  
1088.465204  
45.32492407  
843.6925647  
245.3718944  
103.7455235  
587.7583429  
1120.303457  
292.0108598  
299.9114858  
146.338856  
250.9515197  
190.7561412  
157.2979834  
1427.738031  
828.7090957  
298.7395082  
108.8758193  
74.64610743  
917.2777504  
387.0638306  
273.6810786  
226.886914  
52.11473623  
107.9563693  
918.7102373  
253.5747002  
626.3113074  
203.407597  
81.41379849  
136.1160729  
190.464325  
10.52479877  
1208.848906  
321.2231008  
90.80047762  
216.5667065  
483.6209456  
580.0369222  
187.1209314  
646.812849  
266.9540361  
1180.528889  
121.9936335  
719.493594  
78.14329907  
111.3164639  
725.3960386  
51.45483327  
1828.447781  
235.4462187  
28.33639442  
1300.872084  
1406.475419  
5.610013088  
183.5859569  
293.7907651  
738.2476538  
508.4411879  
876.4899319  
5363.69497  
32.905879  
46.83724899  
1272.228364  
2980.504211  
131.3432905  
251.1171869  
771.0134207  
1125.651805  
1612.594655  
381.973372  
163.9615763  
201.8208663  
1303.403603  
611.6040006  
17.75668343  
286.5141104  
1311.082114  
507.3474043  
245.1691589  
593.5465616  
273.1879876  
566.5426218  
48.4288583  
42.18181608  
219.5890372  
890.5011504  
483.3731318  
12.73093969  
479.0216002  
1578.789004  
1404.782639  
232.131284  
299.2890048  
132.2036299  
1279.484892  
218.931049  
133.9874622  
664.6610934  
236.8614538  
62.4047249  
473.8643061  
129.7633415  
35.39304928  
206.718953  
440.6662986  
158.5807898  
20.97312887  
8.500769942  
361.0728896  
1019.25398  
471.8125219  
411.7717671  
168.1838692  
327.8518387  
388.6223395  
647.3138165  
148.6432214  
60.36394767  
77.7361389  
246.589975  
112.936337  
644.7870255  
325.2307637  
279.9240499  
96.73666643  
1293.768896  
671.9042245  
520.6809258  
558.8517502  
341.4493726  
156.0313968  
55.89031853  
635.8290835  
942.9134265  
23.98631517  
0.5647617318  
1490.175696  
75.59365395  
583.4163769  
133.5836948  
183.1658301  
171.5091895  
340.508194  
178.0088496  
44.43225764  
244.4917822  
620.8696871  
78.27939897  
189.8744519  
175.3136874  
362.3498292  
48.2337495  
437.6705217  
25.38322695  
252.9453469  
166.1140767  
200.3374981  
664.8773706  
2979.894936  
454.8670393  
386.9849321  
681.1831342  
231.7342228  
1290.734864  
273.8728577  
6307.347255  
430.6976979  
1044.811483  
8413.166239  
5780.37342  
1007.747593  
1942.482384  
1742.094894  
1760.796662  
466.676536  
1260.752557  
377.8882799  
320.7440739  
383.7212564  
838.1241073  
18.72725076  
346.278103  
624.130034  
118.8928755  
367.3060654  
44.91813529  
185.4686309  
137.8338596  
237.8867799  
125.6292788  
139.8715403  
27.51494487  
