14.30934493  
28.1602995  
17.84875252  
62.26084814  
129.3220145  
10.47256811  
198.0399166  
79.86584946  
107.4299677  
29.76073673  
175.7651172  
428.3050414  
909.6902381  
110.7177533  
118.1767136  
263.0423734  
950.3906686  
1168.272157  
468.8388321  
157.9467101  
203.1156598  
1858.590307  
1736.688092  
607.9442824  
1599.903448  
151.7662903  
41.00902736  
482.4958111  
614.2347585  
737.3229144  
1349.773172  
2633.771714  
1106.863652  
468.7217148  
2118.350896  
2429.95141  
2657.042484  
228.9870516  
1205.930025  
269.4165418  
254.4054796  
211.6320069  
1873.903978  
1414.832228  
1989.744061  
708.476684  
1499.004667  
1438.795759  
562.1870943  
268.7253332  
796.1821211  
1671.406431  
164.5140826  
1941.787949  
657.1339544  
170.971986  
1113.403467  
1114.137529  
1083.378257  
46.62365051  
95.23819424  
260.3294993  
517.243103  
116.065936  
586.0742676  
222.1385223  
605.307497  
658.1252804  
1823.268838  
52.08600997  
47.9153958  
454.5818565  
316.7144455  
1188.961603  
736.7005873  
775.4905064  
22.14823692  
243.3942215  
15.77574841  
26.51618388  
395.2330546  
1237.312145  
1730.44624  
487.1533314  
865.0676228  
1571.362392  
175.1607958  
652.3064873  
428.2464877  
718.6187052  
55.77734366  
272.1138301  
712.6120487  
696.6599404  
290.3579102  
344.6662517  
689.0888782  
214.1447849  
0.2545323899  
909.2828676  
465.5119562  
141.2139456  
281.6113143  
1206.27259  
484.6475688  
144.6173798  
394.8845594  
898.4065369  
18.66357992  
164.3599965  
60.94431249  
423.8553288  
325.2343368  
625.3970984  
979.417786  
174.5257382  
841.9569891  
2.662875541  
344.4677465  
818.2066862  
918.5682473  
200.3176904  
59.01135454  
179.6526186  
81.17216467  
1255.94386  
58.05334756  
664.3828186  
641.0232445  
222.831877  
72.7213148  
1166.658501  
334.8424855  
140.6628849  
435.9334419  
198.0453369  
338.1464349  
474.6085464  
260.600123  
1307.848691  
334.1790569  
202.6815426  
2040.773955  
1011.257088  
378.3846895  
138.9234865  
276.7222427  
436.6466763  
846.2602257  
106.0228917  
439.5286477  
1242.637646  
85.42298151  
75.76526582  
374.3777493  
1830.560379  
188.0094146  
130.0387683  
1270.484811  
1005.853086  
44.51251033  
64.30137235  
3023.921984  
42.30735487  
500.2806825  
731.393187  
228.41368  
283.447208  
682.0734991  
1175.817656  
1296.116372  
1253.671676  
1548.849419  
257.9986056  
276.9499597  
465.8516064  
245.3853271  
77.14024218  
59.83534538  
179.9686652  
1033.353278  
165.5770272  
764.0755684  
151.0972811  
461.1609303  
56.89081503  
1308.650164  
322.0566662  
1071.356288  
218.0934409  
988.0490437  
1732.461804  
158.7336013  
103.6850562  
562.4584391  
466.8745401  
172.2459044  
808.3082207  
176.6453807  
451.0016691  
130.0550167  
33.11041068  
232.3452669  
17.01504022  
771.5111427  
337.7014003  
528.9947858  
159.8246574  
34.15517333  
3.426860617  
216.3427515  
445.6773571  
59.03727717  
617.0623187  
206.5962586  
233.643357  
152.421858  
134.1099752  
259.5378921  
232.0162482  
345.5688024  
138.1562662  
249.8203822  
66.26054215  
38.55389644  
26.90109579  
100.5878881  
427.1748634  
300.2805208  
681.3498579  
329.8058034  
113.3078403  
553.8889413  
28.42492873  
155.7100244  
441.7324514  
102.8920921  
307.7332336  
548.8217276  
77.47195904  
71.17611711  
21.17350502  
70.77145283  
170.3927574  
279.4867953  
125.9149087  
180.9181889  
17.59083456  
291.2862975  
166.5606717  
1.882248963  
90.04094172  
267.0447004  
48.88493563  
93.33571102  
645.4718701  
29.14503937  
482.1275575  
205.6873582  
149.3519352  
459.943562  
242.8398486  
515.6559232  
141.0743569  
359.3352476  
239.3479435  
85.74224312  
33.46872085  
246.6839923  
81.50167581  
258.8284863  
296.9455642  
1050.617939  
748.5785847  
509.5549935  
331.1757171  
116.1204162  
60.4268571  
188.4448546  
203.7817905  
355.1401819  
217.480668  
66.67155563  
818.7367057  
300.9766618  
151.8790926  
47.33269909  
100.2747658  
65.16850769  
41.22598652  
61.80629215  
89.83049926  
124.0499757  
320.3831754  
0.860006031  
