14.45665125  
49.6798362  
44.5974017  
284.8820682  
255.2350812  
291.534118  
23.18190874  
233.7882347  
5.870622487  
4494.663944  
20.83307949  
113.1024457  
2208.422157  
3922.028891  
461.8268184  
111.1724778  
13.25908849  
990.3021767  
470.7038082  
218.162393  
514.1525811  
331.1361167  
959.9339392  
1815.454672  
853.0691872  
583.3227941  
3264.917852  
2697.558572  
2169.141369  
5.377299554  
684.203728  
5421.608825  
1102.801329  
3654.990483  
3396.647141  
932.4346324  
655.0064791  
7373.481527  
5970.508248  
1748.451208  
898.104891  
417.6975328  
9867.821594  
12829.41415  
1024.130261  
3004.220925  
531.8952066  
2244.710633  
3910.07506  
130.8176515  
353.8589134  
2353.163474  
1116.733395  
1745.655936  
455.217917  
1460.769221  
225.7949167  
1384.974367  
859.7759054  
593.6637756  
192.5855314  
838.0781203  
369.5061374  
472.0341289  
628.5064512  
2443.21113  
1039.702016  
42.97654048  
146.4852229  
3166.874287  
120.4199834  
1314.168026  
44.68229222  
1793.914405  
877.3860755  
1585.504039  
102.2753713  
316.4354176  
68.60547768  
1018.497222  
529.5080185  
227.3237128  
2882.206687  
1256.378555  
942.4818835  
770.5338491  
292.4972796  
1288.647545  
1979.8189  
274.0159828  
737.4802546  
411.2898194  
256.5983921  
53.21267269  
1464.406553  
2277.796256  
14.15879832  
3757.999485  
1244.174176  
407.0839314  
2240.796082  
384.4459598  
433.4086576  
481.9794139  
60.08007694  
602.7304607  
623.1493606  
563.8999952  
146.3813473  
1177.316547  
146.5232296  
720.1178365  
179.8062216  
347.6452988  
543.8627326  
101.7308745  
27.80038071  
996.6384991  
279.1172843  
229.9576606  
581.9105175  
555.4193477  
313.9143281  
338.6589574  
203.304605  
248.6806982  
600.5239423  
331.9357885  
616.331907  
162.1835192  
352.8600526  
136.0900479  
666.5420758  
1301.213925  
458.6640102  
153.5209992  
45.08468439  
872.8801416  
611.2710062  
300.1011617  
316.3222571  
536.4631262  
22.40029866  
992.0132455  
120.6821736  
613.432191  
182.4178146  
425.9791527  
157.0137913  
242.7305418  
840.2869138  
427.5869245  
346.2020776  
103.1329076  
831.2931067  
8.203801271  
113.0271525  
799.3014961  
534.3265785  
21.48226883  
258.1309873  
959.7641377  
2082.560736  
513.9095054  
828.166914  
1971.918354  
906.8154111  
35.57650571  
39.00829274  
147.4597533  
217.023639  
1135.960944  
494.0965548  
320.4818978  
156.476001  
742.1935099  
95.17930325  
93.85164153  
312.1942581  
470.5900811  
85.65778927  
34.36607426  
472.6697726  
2103.835409  
511.6887952  
646.5928954  
622.3388513  
432.9450838  
731.9715013  
1645.777207  
444.0003607  
614.7869244  
448.5268704  
50.14747809  
314.0067395  
1988.341139  
71.70193149  
5.632181969  
1609.146934  
73.67201765  
88.63513668  
2.890039726  
209.8597722  
78.57247821  
1600.738926  
340.7779643  
887.5162998  
210.3487405  
497.7957276  
541.5765026  
41.0982718  
28.3964114  
58.50111893  
119.7950778  
55.25261182  
143.6579416  
61.27717096  
61.36809173  
403.4987642  
737.4663463  
129.4869528  
74.3533522  
156.1316923  
689.6971147  
226.1349869  
444.9493001  
1206.429099  
238.7893211  
281.3343631  
46.82525531  
609.7372822  
254.6697596  
1102.130814  
453.6851274  
162.854674  
101.3909358  
74.93224371  
900.8098925  
248.516193  
426.1464118  
214.3220827  
224.298455  
20.49045267  
134.9845336  
318.9943039  
371.9145684  
113.2257883  
368.8642269  
439.8646187  
1387.642081  
165.3575137  
38.5867319  
684.1762411  
892.4629444  
126.17924  
383.2259799  
71.30323543  
402.9625433  
288.3291103  
1691.955743  
496.7090913  
5530.603327  
4403.10782  
2228.105716  
1093.384734  
615.2551457  
151.1219954  
721.0827106  
9723.617849  
1871.747051  
4364.383258  
30438.07328  
12508.23495  
1717.468639  
6798.773731  
1364.61653  
3002.968569  
1.754697658  
2671.655133  
632.4303927  
151.2317334  
787.2401122  
1217.475893  
9.164713351  
428.4814057  
2894.942729  
836.3053554  
569.6140563  
206.6298326  
559.9262195  
103.0055719  
359.8856397  
305.6699239  
44.56427755  
31.84715217  
