356.4099827  
75.78851311  
24.90556671  
1674.406514  
140.7467213  
501.5982955  
5049.89223  
404.5710969  
2250.241391  
21.67074427  
5729.703004  
3498.866064  
6541.813357  
2029.965411  
12719.48077  
1277.743505  
13481.01973  
7157.617263  
1187.750836  
756.9137106  
2271.022924  
5876.330156  
3088.944517  
4719.256224  
69234.57122  
6381.873811  
21699.60152  
33914.31959  
6399.038885  
17303.17746  
27975.62468  
2810.77787  
4182.392455  
938.9814694  
5366.422473  
21111.0334  
16768.00056  
24603.24445  
18178.16089  
15006.42387  
10779.63763  
18614.28725  
19437.71627  
15117.89603  
11184.32074  
8839.298665  
12523.90195  
1328.952973  
4974.852005  
76.45120865  
683.1724634  
7479.581749  
5768.42106  
59.29296603  
2709.651027  
1093.323124  
2288.151861  
2070.748023  
1340.464051  
1517.242346  
603.9381438  
2806.709387  
1554.15174  
1133.71441  
3213.961108  
2605.386627  
2726.680563  
135.5527941  
596.9350558  
6323.728747  
5536.323682  
3830.604315  
2516.373005  
74.83036695  
831.1512274  
608.7587183  
3907.136703  
255.143732  
100.0412946  
969.3206243  
1214.177615  
2610.910751  
3229.576273  
1459.139308  
69.73493651  
166.789995  
3118.690776  
123.7344217  
261.8961478  
1294.448392  
1713.983035  
1020.371506  
71.16184631  
21.19410904  
235.4867385  
1117.82669  
1070.040094  
2634.017334  
2909.426388  
1024.617831  
91.67096756  
105.5863792  
351.8907782  
465.70852  
107.0790013  
1753.7725  
2304.19671  
957.6202335  
307.2679817  
1578.568638  
312.2980948  
340.6793003  
20.07019247  
1498.496421  
37.40073219  
580.9473921  
1047.68326  
339.9270248  
1748.35305  
420.9221271  
342.707065  
1064.723258  
997.3832442  
190.2644696  
163.1443569  
258.3202985  
109.331832  
232.1702755  
231.3543591  
785.0447995  
550.0595126  
29.55325808  
218.1297332  
13.37041964  
132.0389337  
119.5885095  
771.7054785  
468.1839175  
93.91509408  
591.1533563  
379.8304813  
84.19233475  
1389.379102  
200.7471705  
1261.540604  
351.9201074  
385.8606891  
1193.832738  
92.78156855  
189.8262003  
93.90676463  
2067.781332  
172.8682719  
1521.806634  
873.4876853  
445.3960669  
44.88413917  
777.8540951  
632.473113  
384.6574844  
453.076665  
569.0209084  
2884.004998  
437.6526003  
92.2069764  
448.4941374  
26.80565468  
254.0156694  
101.2437183  
646.5849634  
1751.972129  
1836.288906  
233.5323856  
410.7508424  
1451.437821  
1244.288227  
291.2984015  
502.4714059  
669.1082414  
66.99518234  
717.5080263  
111.1870191  
441.8646911  
833.9326008  
504.1773084  
491.9782227  
37.31557777  
670.2188943  
1270.024637  
755.4199193  
146.4828427  
886.4892292  
2699.889725  
685.6997544  
1376.6026  
210.1881327  
76.94433  
288.4790871  
224.7844179  
146.0447203  
48.29253604  
806.527983  
438.3134523  
218.5335297  
9.505262591  
361.2193987  
285.9465287  
251.8818975  
28.78641612  
612.1374316  
70.14116536  
462.1652063  
250.1706795  
225.9415675  
1066.093434  
283.5483896  
290.2325484  
263.9222148  
178.5152607  
1014.176688  
44.38489476  
59.66487209  
505.794936  
41.44401756  
163.211925  
510.8884496  
419.226302  
521.886475  
1920.622971  
579.1260109  
1430.044273  
12.80842002  
71.25333616  
188.6327086  
12.99713007  
805.1484497  
90.15881064  
120.2311186  
387.923241  
795.999733  
478.8240309  
574.2344055  
555.2479262  
25.2565842  
83.21732003  
453.411263  
97.77596193  
175.452151  
106.0678084  
183.8764765  
213.4566464  
374.3501354  
522.7440587  
474.9085152  
55.89420895  
763.5775244  
43.74824496  
2353.701936  
457.0817203  
1556.389397  
436.7990796  
3722.551928  
3412.826197  
1060.98807  
892.8910314  
1010.018238  
129.9243254  
663.5981497  
6804.665056  
2380.370958  
2907.624386  
19741.96527  
11209.49836  
2325.01354  
4568.671087  
3397.967543  
3717.139394  
84.21523878  
141.1319618  
1437.12934  
134.1273441  
83.27513077  
954.2314337  
70.51284553  
795.2627125  
547.6499689  
124.3947593  
914.4855064  
349.9464924  
492.7799804  
472.1479192  
66.78839461  
113.2144918  
37.78243325  
0.9246054357  
