163.6682773  
184.405402  
215.9747665  
592.4897707  
493.5669701  
209.6405546  
601.3801636  
35.59598695  
1214.62946  
720.2321247  
1969.38692  
926.3332387  
6740.412604  
131.3197812  
688.680297  
327.8596598  
759.7354375  
1233.883122  
372.7874393  
1375.485611  
1474.817295  
2180.10068  
732.1780096  
561.2584112  
827.6931368  
1125.52845  
3684.423568  
7685.856421  
372.5181778  
303.9308598  
1390.501828  
11888.41515  
844.0408052  
2735.513523  
661.6812648  
431.3493789  
237.3011907  
9158.676231  
1050.221834  
539.0661302  
534.4329181  
2001.200388  
211.0644339  
7220.962147  
2267.83346  
8.9795858  
2555.277253  
1494.508629  
2513.609273  
5386.175347  
4117.467828  
747.4368165  
287.1555244  
1974.462595  
2495.445419  
1209.692181  
560.0372643  
1163.193588  
1139.331879  
1004.82827  
365.520584  
386.0322734  
585.6020596  
80.04674849  
2478.939493  
228.5355045  
1430.647284  
311.7798436  
3244.574706  
4020.564697  
1441.145972  
1496.8438  
2327.990281  
1741.895333  
58.25988392  
6457.125187  
152.0719545  
121.4823218  
349.9611146  
326.0755777  
2358.352298  
3922.100651  
272.2516679  
5354.791955  
4026.341477  
758.3422555  
2809.954975  
1862.832293  
473.088534  
1573.538002  
1373.312385  
1393.728619  
1425.080382  
2223.607247  
301.5369827  
2425.959002  
2168.616421  
3868.200918  
80.5476624  
211.2385256  
7302.627597  
165.4223725  
4351.893614  
939.2113202  
1158.326635  
5913.013611  
7034.74212  
2256.423726  
449.8863699  
1897.607387  
285.6148016  
1243.027727  
2210.716731  
1303.988693  
96.64384273  
593.3785412  
83.3675645  
201.6191334  
959.4076463  
2701.820152  
1677.051176  
4571.958211  
7524.677709  
1040.737929  
7.783046731  
2617.897873  
3985.09786  
262.7195935  
869.6565211  
1670.548123  
2332.439241  
3928.416955  
8731.228389  
5049.933397  
468.921749  
4795.80042  
954.2181136  
1842.529337  
246.2897403  
596.4301181  
1555.76727  
391.9882508  
1941.431202  
169.8538813  
3751.414411  
3763.752504  
2882.794264  
1136.860071  
2548.621302  
3673.313385  
3312.785427  
2133.536872  
73.23448778  
555.9581226  
509.3362913  
1214.93074  
916.6938246  
0.9186274938  
3171.516772  
4068.057868  
484.4394828  
18.1364837  
11899.78384  
2637.634541  
264.6082773  
2219.12947  
4585.67907  
801.2448156  
2418.70288  
1155.291386  
3882.407009  
12799.25175  
2939.119123  
2543.696908  
1342.532039  
2033.008334  
2806.232619  
102.1918255  
39.40614624  
534.6871304  
6590.901758  
2812.213812  
7669.452349  
882.469147  
2301.555273  
1872.256649  
4395.565829  
5039.557011  
265.6856885  
1463.448825  
7611.155714  
7367.365266  
14741.576  
6355.36582  
3673.55226  
4302.317435  
1183.166149  
50.05101519  
2276.48952  
4143.990383  
4307.822614  
6563.278194  
8410.302537  
1550.289486  
2335.232583  
625.5305351  
1611.26916  
173.1245591  
1772.52358  
1701.433963  
96.20763316  
775.6519764  
802.0292775  
1570.257682  
206.6463063  
72.80408958  
2161.35977  
130.4248497  
32.11721321  
4348.314479  
6191.49179  
348.4184507  
550.7800876  
35.56821273  
40.45570476  
2766.531274  
516.9369295  
402.816084  
3389.472633  
2458.442497  
646.3603121  
795.246354  
872.2773227  
1971.238613  
213.7009295  
200.6962754  
532.5533737  
2250.95957  
3786.244905  
987.7507663  
2.887649655  
1485.295664  
4449.338713  
107.3877716  
998.6499479  
1267.557974  
128.1951145  
734.0795201  
1266.557375  
1836.77168  
493.5014223  
2315.654715  
6.131165384  
311.5210782  
459.9130796  
2516.134398  
346.7806689  
407.8203206  
1100.396474  
1164.514032  
784.3621517  
1214.873111  
2954.928458  
536.0414389  
1767.959063  
1372.556743  
4155.059271  
3371.163743  
2284.011373  
897.231632  
2586.52749  
7005.733196  
3553.955655  
1622.081281  
7320.616589  
1193.221525  
2724.892207  
394.9856324  
311.6610189  
27.33861047  
341.3646852  
332.1637367  
460.4213205  
94.50384572  
640.1943663  
1266.547278  
13.5610758  
444.8852213  
1427.218685  
722.3117476  
273.095029  
1728.386187  
2656.66019  
633.2649923  
134.4414639  
