5.830649067  
3.06969274  
141.9826125  
543.2512818  
1978.317495  
383.6974332  
1142.872141  
890.3191491  
2566.839507  
814.5071792  
1222.238409  
3496.034146  
1618.018163  
2008.678931  
112.2990113  
7163.564693  
2241.919445  
1949.806878  
6127.586142  
279.2671397  
68.73612471  
1676.558422  
2286.386813  
1746.664331  
992.0996742  
1185.14359  
3253.2988  
3439.240109  
1730.566741  
2056.452211  
19.6648945  
3667.759427  
1401.779474  
822.7608989  
4437.142336  
2690.039176  
4077.092628  
432.3658509  
11734.29798  
3149.414076  
4051.994456  
8921.00738  
11562.96464  
12688.54466  
3590.735198  
10121.51855  
7886.197397  
4727.123425  
10957.20493  
257.8706101  
389.1940846  
9001.350947  
7603.655141  
1738.893691  
2995.811619  
4519.025824  
9218.811612  
1561.741431  
1884.951658  
1277.600459  
293.1244889  
524.331278  
638.5213628  
4898.834282  
5400.522716  
4461.028933  
1722.431435  
455.1006964  
985.3107975  
453.6056314  
998.3495531  
2476.019724  
25.09530772  
1456.438014  
9035.445072  
235.1916903  
35.60148394  
1572.687574  
3537.507672  
120.8224799  
1005.071389  
822.7702472  
1074.292339  
3622.74258  
195.1284341  
610.1678822  
244.0522571  
4535.1643  
5614.576191  
427.8098205  
244.75133  
617.3076533  
5234.019089  
576.336444  
714.8074312  
2990.588005  
3760.418035  
1479.429455  
1795.921992  
1245.604201  
187.506947  
244.3271061  
428.3798226  
1217.326051  
1167.433929  
1075.763343  
2016.413494  
263.2803124  
293.8555861  
496.5654979  
789.1904408  
544.7265643  
1026.120573  
253.7709279  
1666.311128  
2006.57536  
795.0260777  
1804.400194  
183.0741253  
3955.388998  
2030.376513  
1769.041666  
3993.291297  
59.90110428  
546.0748804  
89.2717738  
524.6396571  
332.2183298  
1605.837754  
3607.95924  
6418.129758  
505.5109316  
733.4053239  
1772.199278  
2607.188922  
1787.426663  
821.6523368  
617.3278454  
453.5056322  
1219.693915  
1711.024606  
3361.035008  
2902.757066  
2037.117351  
3008.831254  
4403.879123  
2836.733593  
2753.984837  
1011.426192  
69.38920227  
4642.287756  
2414.899152  
3195.259598  
767.6406216  
2174.645255  
10100.27256  
609.1702812  
2513.1368  
1329.923092  
1923.409222  
45.36613537  
1869.552973  
25171.19284  
516.3529499  
241.7912341  
1471.344598  
1344.330689  
222.217453  
289.2278228  
2828.378863  
1183.273441  
18112.25068  
5327.018836  
7153.262472  
5867.22542  
4558.423756  
5839.367683  
1117.949198  
529.2566705  
1207.119587  
1883.08825  
342.4767444  
7195.843709  
1159.380169  
331.9175272  
300.4724281  
2952.163489  
1437.329914  
2758.655562  
3243.247752  
1759.633155  
13604.25791  
13011.16982  
1916.96058  
2071.884585  
163.2779909  
322.7197525  
95.95280342  
2675.462715  
232.7495138  
4748.306038  
2802.877113  
3473.721634  
91.07256139  
785.765668  
907.9617391  
2383.442572  
582.5943351  
283.951768  
2675.292188  
1668.660326  
644.0541548  
1788.504169  
614.3100999  
3093.945248  
761.2114819  
1103.911171  
2882.175626  
1482.130997  
6977.32488  
1123.299472  
564.1531014  
44.37513634  
1376.237386  
1285.395366  
588.3239523  
1684.212918  
80.24707024  
4247.497801  
2970.424867  
2629.161104  
6329.74816  
12928.49916  
1886.387127  
845.5671855  
1634.9564  
544.8831369  
586.0293269  
2854.743172  
11638.3719  
2888.503924  
352.9841573  
3179.332933  
2569.08047  
3652.928784  
2079.466156  
763.8051444  
5605.617283  
5119.820323  
2498.519191  
1985.152557  
1652.319912  
58.04142854  
11272.8274  
7047.737429  
2316.411199  
4695.927446  
3424.26138  
6866.756734  
11306.53909  
1191.482562  
63475.00552  
33495.6172  
36413.67015  
13523.94235  
13889.9853  
5681.822656  
4124.123051  
98446.38839  
6375.035175  
32949.41295  
246577.408  
91436.92045  
13720.9164  
71686.67264  
28084.07342  
32434.87578  
5733.418824  
8997.824272  
11528.54144  
6.566536118  
3757.529446  
13349.95028  
2437.886099  
6564.191027  
14797.57054  
3562.906009  
6613.166139  
5148.778013  
1682.418005  
281.1243854  
3976.180022  
188.9678088  
1400.168104  
1623.507333  
