108.492075  
40.8485956  
163.4357047  
3.518999133  
230.4202063  
152.2220646  
676.8813719  
1070.713136  
981.7365307  
360.3329297  
658.8891303  
636.9681217  
1702.039255  
485.1901171  
1639.055723  
876.6687237  
1885.105769  
2450.940692  
434.8717553  
26.69261192  
514.9455932  
1700.301299  
530.340538  
83.51659679  
141.6113401  
1246.073644  
609.4270728  
2209.418645  
149.2804274  
219.8668234  
3146.978772  
1922.024919  
6275.153413  
819.2825253  
727.144408  
51.5444166  
575.6908926  
333.4324048  
1567.864301  
2010.053448  
192.9905064  
2054.953935  
7328.693471  
1068.734551  
3.682690976  
4045.490822  
1809.958437  
476.0605228  
1520.88314  
345.3196604  
430.345247  
1252.554947  
6886.305781  
1630.825398  
629.9942341  
3508.542981  
1860.393859  
4763.84989  
1294.602376  
413.5858459  
1011.277152  
896.521747  
1277.685507  
827.126448  
1364.712664  
152.1752408  
1389.832479  
2451.539265  
5900.70754  
508.9749263  
854.9400371  
396.6550585  
13.67173304  
718.9342225  
696.0516179  
5162.138902  
74.79321737  
219.3115386  
240.6465998  
169.5305109  
3918.843709  
3935.643447  
261.3632412  
2858.603663  
660.9732484  
810.2231022  
611.0778667  
2018.954401  
1297.628249  
6465.350153  
1552.540967  
227.271741  
2079.751273  
748.4068271  
2771.078213  
988.884365  
623.6686813  
1782.347692  
483.9267503  
2740.06197  
495.2414662  
3711.567574  
1253.902629  
1183.145373  
3511.536044  
686.5414708  
571.5869477  
687.834591  
362.3207308  
3609.830801  
4809.100323  
3356.551522  
2179.942266  
1311.054743  
2514.202919  
682.6186989  
7035.596731  
171.7979409  
7108.261818  
180.2393849  
527.9446749  
2032.33784  
7847.022217  
3927.839155  
163.4624599  
4048.976355  
731.3184829  
693.4244848  
840.9632955  
10392.47475  
5755.052372  
939.4980898  
904.9667567  
3655.989721  
2182.712096  
4444.015783  
4798.988967  
9648.840915  
3230.718339  
2325.957034  
331.9855441  
4704.231424  
21196.46839  
875.78829  
21349.12912  
14542.37364  
13210.54982  
7051.509996  
5071.032316  
3467.817213  
8744.932878  
10236.7207  
1132.584861  
1966.932442  
12486.9786  
19033.09138  
4364.306086  
5785.431873  
2928.510604  
5406.98965  
3688.209731  
4170.930129  
47315.0016  
1269.123877  
434.8874051  
12283.16525  
9011.646706  
14381.03317  
3782.081069  
21146.76589  
8995.200776  
37613.94116  
14404.69089  
11224.37483  
13963.12154  
19655.69733  
14463.84186  
9547.966584  
3201.107925  
2188.467011  
11385.69811  
1854.90552  
19932.67662  
19482.14788  
5783.145124  
260.1985004  
12834.57395  
4089.485121  
7234.035102  
17286.13328  
2826.029898  
22042.67458  
36136.1698  
3155.074346  
16671.75834  
3590.472697  
2412.540114  
5.722709725  
8818.82734  
721.0581879  
1355.558509  
7847.097945  
6645.793057  
59.13046553  
1342.21758  
1180.949778  
3494.24111  
1929.707508  
8430.454169  
2640.63555  
4519.734421  
5524.345031  
2534.576673  
229.6838808  
5636.792988  
3962.608849  
227.6998236  
633.6521372  
2182.64975  
3675.436224  
1425.45082  
185.1075981  
3663.281103  
955.7793483  
1741.650414  
405.6215074  
465.6102921  
1077.836927  
629.4888891  
581.7685624  
252.8790649  
1794.27485  
6408.722945  
1331.940264  
889.5391946  
80.74191474  
4150.318977  
692.1035196  
1696.4491  
1656.361374  
1498.853597  
2494.863607  
2475.498901  
3254.277383  
588.0908465  
1260.449468  
887.1769673  
503.8925686  
314.547566  
262.9311146  
54.07635288  
197.7205153  
626.3948881  
450.1102369  
753.3601606  
705.6140466  
398.6265519  
370.9023372  
133.2028779  
862.1161402  
1049.969813  
4415.371848  
433.2579587  
214.7707533  
111.6942299  
903.0736488  
80.37246252  
2356.35708  
2285.263831  
829.1324371  
959.7557461  
3685.505542  
1247.238052  
2605.845854  
2179.47517  
1500.061907  
489.7223715  
446.2265273  
123.6497418  
834.0232229  
204.7022577  
96.64544443  
78.79243752  
600.6739949  
947.6866303  
79.3998684  
281.1732815  
1214.098022  
292.2699142  
2100.216427  
401.0247745  
1195.573635  
140.988249  
915.6923856  
5.704890259  
