67.05392919  
46.56173152  
44.33300015  
79.39112887  
377.9831517  
242.1732358  
1521.196267  
1738.593206  
2215.703855  
175.208639  
1363.763625  
401.7186454  
1551.019365  
2019.694197  
766.0349028  
162.9338788  
2224.743124  
200.4336408  
2094.886486  
4245.907929  
961.4559088  
445.3168907  
4629.973047  
812.8473509  
171.5372737  
268.4363386  
2669.529402  
102.374867  
497.1611967  
8341.997157  
65.06258642  
575.8724762  
572.6682427  
1561.131253  
2724.259365  
346.589365  
3296.488599  
1720.34451  
373.7011749  
1427.101055  
2374.352124  
457.7581037  
2519.974652  
5670.702888  
4000.615823  
4435.334112  
2872.03264  
544.8142681  
582.7508284  
121.8008046  
866.535611  
2342.753111  
252.2783459  
946.5368169  
2026.962121  
4999.788372  
365.9352602  
1491.904801  
1200.229046  
120.8725014  
637.2118803  
2732.795593  
1724.92604  
940.2604263  
995.9310963  
952.0530968  
741.3107822  
113.3664125  
1628.152407  
1637.906098  
457.2180641  
3960.760888  
16.68108494  
5402.16175  
3238.027129  
2954.58146  
2771.023257  
3323.702352  
1201.429255  
1023.711649  
1883.588455  
555.6257018  
717.9282411  
886.1531198  
231.1930047  
1184.221081  
5927.57578  
257.8514986  
3120.326487  
3462.184131  
265.2437864  
200.5271324  
362.150145  
995.3011506  
54.11711546  
4702.957123  
4735.644108  
5384.31277  
936.5743149  
8.53368582  
583.5729483  
2141.001633  
543.996146  
127.5768841  
45.55921347  
126.4013875  
3623.821795  
1488.579616  
743.8129889  
1701.828558  
1116.514924  
2250.770955  
3420.845541  
1460.883738  
251.949598  
1987.023548  
13.89680907  
130.3038418  
1934.936684  
8037.856868  
897.2479435  
78.82081378  
743.6330152  
298.4459614  
361.60228  
8050.088275  
440.6075024  
1667.230807  
1756.104484  
619.9598722  
2081.414855  
574.841689  
6019.152664  
156.7729208  
2074.242694  
896.8288815  
1815.918429  
2261.133506  
342.3645713  
660.6103678  
908.2840761  
7105.933001  
5664.825322  
8092.728988  
10897.69345  
16789.44193  
1434.226856  
8845.266056  
1159.488692  
2100.44049  
14796.05334  
12225.39177  
3393.582379  
4233.950024  
6659.359048  
4236.044274  
2016.030996  
4982.273242  
2375.58416  
3143.200707  
237.6795383  
971.92509  
16308.37068  
459.387242  
5324.688038  
4364.871877  
5628.757686  
3585.87261  
2761.18085  
16971.94388  
1885.604256  
33525.26111  
11871.13473  
6839.732185  
3907.424172  
10824.20836  
4845.847507  
2412.384991  
6714.391157  
5535.42823  
6606.70596  
5624.376976  
8067.810083  
3638.217029  
1729.902547  
3191.546017  
4096.85679  
4356.828526  
9629.0446  
6454.00784  
14130.95757  
7843.976915  
17528.27696  
2586.167953  
19649.70466  
2174.283436  
5112.88465  
3704.121111  
1430.432488  
1297.69839  
2555.582071  
676.7436513  
1627.455445  
2733.119653  
1653.738348  
2567.06219  
1616.007082  
392.5862367  
1294.35684  
1872.887854  
525.946736  
1186.312567  
1214.629743  
1921.978324  
894.3518158  
893.1393646  
1938.980385  
1333.222516  
854.8400893  
2932.925726  
51.9577221  
133.783654  
796.1669581  
578.8895325  
644.5705972  
172.3897749  
269.2799921  
1237.985364  
3552.51349  
1955.237128  
12.84485325  
860.1529931  
4992.814009  
52.57740575  
1212.123136  
745.1508487  
1473.183744  
1128.209451  
2380.348232  
391.8284645  
4618.221527  
1435.828988  
1704.648711  
1829.017998  
51.75073194  
865.1528157  
200.0026145  
327.292528  
839.8846161  
2868.239315  
247.5889761  
99.08619161  
99.78537441  
1406.265446  
5419.300741  
1035.79558  
367.2514545  
52.23393561  
54.21213615  
319.0342985  
370.8982684  
10217.02132  
1168.832949  
3800.920414  
2625.567357  
1781.783851  
2902.705417  
284.5290142  
6844.713264  
2274.277922  
3273.875652  
23721.09821  
4747.708324  
1226.892358  
8443.356172  
1270.200426  
2677.042261  
2653.352577  
918.0921923  
1204.871328  
494.1049396  
688.5833607  
404.7519688  
2206.577199  
3020.363078  
250.2375259  
333.715879  
448.2637311  
656.2286853  
250.2753735  
1226.974133  
4188.224653  
1052.983577  
468.9090566  
160.1612303  
