219.0071312  
62.99579675  
62.6344763  
3249.208508  
1043.991144  
703.8400217  
4062.393564  
1926.265594  
457.4771078  
5227.35858  
4362.915466  
4933.249813  
6357.606954  
1659.892981  
4815.947897  
1661.165921  
661.9636613  
26477.14849  
4253.413622  
7428.227148  
12147.34313  
3159.680037  
2439.432621  
6178.899644  
1598.550695  
2548.211436  
17590.2413  
16358.56596  
2225.693884  
12635.39599  
3810.911906  
864.327734  
2318.975056  
334.6932242  
5953.717415  
5712.285454  
4401.18107  
16108.31149  
1115.799552  
5405.717652  
12215.13552  
660.1056886  
1190.512272  
1855.136099  
912.0381532  
7469.185723  
900.5005889  
5042.620632  
16924.99127  
1329.051105  
7096.869975  
3994.898913  
3151.062849  
1935.895274  
8661.837621  
5219.71042  
1734.560509  
982.7539492  
1595.395723  
5181.172684  
2822.467516  
4803.72295  
1795.511005  
8937.224509  
3489.642041  
417.135751  
246.8797377  
5575.990246  
1175.949861  
1349.480232  
2158.310056  
3512.393877  
794.0450548  
801.8694515  
6532.656584  
1092.99903  
1872.044212  
1545.529771  
1403.405572  
1322.366473  
399.7436484  
5939.740864  
230.4194204  
1091.881391  
2435.073496  
1746.091464  
464.0897903  
1604.401353  
576.3211922  
378.4949146  
4737.538072  
83.56196526  
1643.166329  
243.5532465  
1037.239168  
11.81375672  
1055.517617  
89.95242659  
2333.77297  
839.2282016  
15.13077857  
551.5693092  
2859.02645  
819.5626959  
1392.684919  
1064.477517  
364.4369527  
3488.785956  
4674.598577  
118.7975982  
2065.904423  
665.326663  
387.9626838  
1109.310881  
646.7788017  
1600.532518  
1149.717613  
356.7108997  
279.8921855  
220.1885152  
77.32282996  
1323.373214  
585.9049025  
144.9727068  
309.9664584  
266.2243451  
917.0604273  
540.0000457  
1580.97456  
356.8982105  
140.7082927  
1078.096973  
29.86662497  
13.55502559  
543.6719693  
1325.931933  
1011.932947  
1739.000255  
864.4173229  
364.6819551  
134.5755295  
898.8587223  
401.6163379  
43.58241505  
1840.363181  
1996.150022  
603.7675016  
850.0348167  
1800.987585  
2438.080579  
205.823396  
323.8899764  
168.6592517  
302.1080079  
3515.112111  
159.5053758  
442.832483  
171.9278768  
712.21462  
1531.500526  
1486.9743  
26.81204304  
5803.718557  
126.3409131  
340.7420063  
482.0355293  
166.0320059  
1207.408269  
274.6356765  
1972.642763  
1373.211973  
2572.517448  
1024.621286  
1711.466097  
3902.783389  
2048.067721  
2836.112464  
474.2714738  
1772.080567  
552.4171132  
1034.479718  
303.3334702  
3812.202088  
2700.190091  
2705.854846  
555.6505602  
2260.886445  
8.575745558  
2709.193049  
2336.842196  
143.0660534  
2023.323919  
1427.429404  
2212.341619  
309.3672481  
696.7554227  
317.7291727  
1570.836899  
498.6681014  
289.6148157  
112.8891672  
1116.809452  
206.2846529  
297.0939629  
21.20769354  
1090.655375  
103.0101323  
269.3345706  
1253.158423  
394.5251452  
341.3678891  
3045.126464  
553.5654083  
65.23837515  
556.9915057  
1339.717457  
279.5336309  
214.3747044  
950.2862577  
306.737349  
103.9209596  
28.80147197  
626.0236613  
441.3683336  
1082.886707  
312.1074364  
226.3023635  
432.4589831  
40.39250558  
447.0331074  
942.9124202  
177.3438307  
188.1907179  
95.59622278  
254.3399469  
128.0370296  
230.196957  
558.8983197  
376.5127486  
426.2570211  
391.9678947  
46.8419544  
205.7186922  
273.0880284  
58.09241087  
1032.022521  
234.0348975  
98.55341418  
392.1090139  
111.2953656  
195.3794895  
620.7324953  
183.3450925  
58.70774582  
72.61859435  
55.93888745  
405.4791165  
135.2582383  
677.9920024  
1361.67539  
261.8032379  
1625.485759  
3974.597866  
712.1794897  
1191.21199  
90.5502868  
336.0083224  
212.5282942  
2328.864466  
1262.400392  
1174.469479  
12846.73638  
4145.831357  
364.9565787  
6260.275641  
3090.513136  
3715.559943  
233.9764433  
44.48461655  
67.10165549  
72.29784692  
589.8646722  
1222.576063  
81.85426437  
381.1547831  
965.5796164  
45.58342758  
575.6950981  
12.33127767  
1099.157468  
171.9579728  
820.2111412  
807.6567  
521.3743447  
16.35975216  
