27.51636631  
24.15217556  
0.576524316  
1865.221148  
2280.68565  
1032.241988  
6303.528819  
1261.560284  
1930.863749  
3372.763208  
7807.111988  
81.88850709  
7316.740062  
1831.409951  
239.5912771  
2190.987955  
4326.474097  
6357.313659  
484.2711213  
6826.529261  
1447.998531  
20725.44525  
19573.83823  
7103.21549  
27192.13457  
12105.60999  
76697.30335  
48007.38833  
15493.59887  
57599.97512  
46540.73795  
35915.77003  
9452.933919  
12683.21924  
22156.54751  
17951.7423  
1794.840619  
44606.07143  
5442.669914  
29953.57156  
16156.07108  
5319.352581  
1019.512023  
3211.771177  
3555.702652  
123.9582135  
5354.855364  
13569.04157  
695.5394537  
532.5119754  
2279.535316  
4869.876108  
205.2806266  
10297.91844  
1810.758968  
1114.251402  
2092.891051  
582.6062882  
2603.847285  
3632.570666  
931.5268222  
1067.240702  
3547.826128  
251.8124999  
125.957074  
1957.750584  
1442.465921  
6384.046089  
2843.258745  
1574.551009  
80.51406673  
843.2370488  
1360.324877  
63.49861681  
1426.311995  
1841.296102  
90.12172151  
875.679283  
390.7075567  
477.3596014  
46.5361723  
1408.443881  
603.9138334  
1059.285976  
560.7087384  
45.70594248  
377.2559692  
815.854089  
1066.016062  
871.1769426  
1211.37624  
69.83266222  
156.7022634  
1871.130079  
114.5076516  
13.73168543  
185.1904536  
583.5537745  
174.358476  
120.8979468  
1081.056565  
238.3624161  
1002.209328  
88.74777224  
650.8395069  
343.867122  
446.5917863  
621.0672987  
951.7939048  
580.7045089  
410.9559404  
554.8994042  
917.8230862  
1196.598212  
44.54968748  
977.6306428  
362.4842337  
39.84844854  
537.7012209  
402.0777006  
158.0970755  
178.7928892  
1486.705632  
96.67040783  
17.99736127  
201.089399  
78.64359159  
335.843815  
40.98732174  
4.617126275  
526.849382  
858.4640922  
275.6760572  
6.054756857  
99.45946194  
354.3080331  
36.61105983  
332.7949102  
179.6930998  
427.3408792  
145.1935702  
629.2156172  
133.7002954  
258.1986855  
2992.888522  
2219.708221  
20.34447632  
598.305985  
155.3482651  
361.4588992  
104.8417087  
1342.579993  
187.1186379  
20.69825598  
245.0678462  
25.01650145  
75.01467283  
459.4490763  
361.8361463  
26.87676388  
212.1141279  
819.5984462  
2333.486855  
264.4059983  
261.8524238  
597.0261784  
572.6722083  
581.0139718  
76.73378451  
785.0722178  
808.5731053  
1767.155028  
349.1617456  
487.680916  
1188.345429  
1178.966223  
890.7017007  
56.51132893  
534.7458728  
636.9160119  
855.4528503  
431.8614447  
1238.548208  
740.1579352  
1298.175313  
462.9645504  
650.3012258  
373.1721798  
1753.90906  
1236.994687  
1604.122359  
1413.912645  
1245.132591  
169.4963277  
406.0012626  
542.5980603  
447.5060348  
350.2921532  
659.362276  
155.3444639  
293.4879359  
319.0403325  
188.2973957  
6.451749779  
466.1756271  
199.9127996  
337.5100124  
50.27230072  
155.5353249  
224.3977844  
152.5374183  
569.1085798  
88.97921645  
291.209097  
292.5959417  
378.2469054  
114.77616  
300.9020342  
209.3964705  
59.043847  
151.215995  
19.48401126  
536.5310802  
343.1958242  
39.44693317  
350.1643303  
330.0288863  
1216.952939  
101.8088978  
1376.158609  
60.50920345  
11.21395795  
538.9719831  
160.9396664  
200.6750655  
804.9432843  
122.7433598  
89.47080618  
351.8774466  
388.3225836  
148.5604744  
80.76578043  
175.1642494  
51.19319492  
90.76483894  
55.9112728  
19.05810587  
420.5283974  
33.77370973  
620.5618499  
186.6639367  
206.8841731  
10.6072135  
666.691889  
62.01722469  
555.3815448  
150.3416627  
1108.344723  
489.2772926  
2292.150374  
1472.275003  
9543.929688  
4165.921569  
2467.728178  
1681.910965  
1154.000876  
1214.498136  
1738.726585  
11605.63579  
1555.931599  
5372.302687  
43118.61706  
16641.56751  
2683.693317  
10569.88623  
4814.550875  
7430.789481  
579.4511258  
2527.568645  
2581.235793  
10.56919763  
95.43265502  
2378.829372  
333.7601847  
1972.915786  
2611.173478  
455.7093934  
1438.308965  
516.0771058  
364.2534912  
159.6145617  
868.6642757  
181.838136  
560.3596806  
52.31361435  
