198.9851128  
317.7883715  
16.04548893  
772.0070297  
389.9787443  
1250.287883  
1452.124913  
79.08437814  
411.5465312  
2911.194308  
501.0829861  
90.50771959  
3601.57392  
246.6629052  
1803.727587  
2570.769704  
818.6679872  
4878.68817  
229.0997777  
2494.714763  
61.8094083  
613.9852534  
1184.175498  
3372.562112  
2593.04184  
390.0252884  
2242.069288  
3603.591571  
107.807397  
390.738388  
1281.343973  
9946.590016  
696.0521934  
3452.441361  
1781.073323  
2679.498919  
1486.921358  
1722.396389  
243.2686704  
563.1350757  
4035.031698  
4858.470366  
11230.67014  
359.9005974  
257.6582372  
314.636815  
5004.271738  
683.8984829  
3534.754176  
619.856269  
269.1276488  
176.369188  
1784.986258  
1029.125916  
3867.823025  
310.823857  
3.270474088  
4975.252348  
1791.947769  
2355.347  
2138.6109  
1322.784342  
887.5501352  
683.5195247  
505.2147125  
520.2743587  
737.0442116  
1614.372425  
1496.690209  
7773.90468  
1253.948602  
88.15509013  
401.2017553  
275.8517463  
1465.320954  
10125.65563  
421.8346254  
3731.773862  
561.9729649  
1370.773738  
981.4088433  
5554.986548  
814.019045  
759.1293472  
98.98074292  
84.49337894  
1039.565745  
1418.384131  
362.6048074  
125.1645376  
2472.226803  
704.4844252  
1073.789305  
773.7720465  
1397.520962  
318.2404505  
710.7858715  
58.63013292  
572.7877743  
49.51306116  
1383.384603  
1503.489975  
1365.292734  
1107.727593  
1736.767766  
2203.728889  
1085.609087  
1198.602233  
364.9656533  
285.7640293  
439.6228348  
1110.128365  
735.3024335  
1118.576549  
919.5642894  
2013.078647  
1252.023796  
1093.326838  
306.1985145  
308.5102134  
652.325909  
1198.65256  
959.6423862  
145.6921992  
486.6288815  
1138.818346  
2131.529898  
1018.285839  
410.8550573  
1130.923143  
4294.719891  
167.2522545  
567.9473132  
477.0098302  
93.92164308  
5603.836825  
468.3896861  
1152.170434  
282.8581542  
118.4847966  
1623.573608  
64.41957615  
504.8182809  
403.2015044  
40.15981124  
1331.250529  
187.6139503  
3217.541449  
1568.905358  
496.2129376  
348.0900787  
1046.519317  
867.1617083  
1852.301203  
719.0717539  
722.2515808  
84.96565134  
1100.279597  
1693.151787  
461.2663757  
161.8988198  
74.4894644  
4898.243981  
1590.438638  
120.2577908  
1081.34026  
2037.93601  
700.1376616  
830.6197203  
642.8077367  
107.9926212  
413.9656344  
2958.899545  
382.6124967  
858.8936925  
1044.266103  
1783.150307  
224.0190146  
4704.486197  
149.8939177  
195.9003619  
200.1628325  
4253.831125  
1044.800903  
718.4388224  
864.5908151  
881.1391927  
4470.526203  
111.2817215  
543.8406865  
2926.716396  
531.1892672  
1254.956358  
699.8066777  
1087.34076  
871.1172822  
1411.559611  
94.89183617  
305.4448791  
539.2599464  
1216.620847  
1403.982346  
779.9896491  
1532.241476  
5441.517508  
390.5498574  
231.4465258  
187.6061459  
1263.45843  
187.978267  
66.58522072  
1800.739246  
627.2080727  
157.9898169  
24.06595535  
111.1300078  
144.4810929  
187.8474459  
1.129613389  
2103.827138  
2519.767825  
124.233147  
445.8580607  
1102.141042  
2.297495826  
1302.427785  
96.02843349  
24.28309559  
1290.797292  
553.5605115  
425.0818185  
2252.533382  
3325.108347  
2637.279952  
1806.378679  
67.88260176  
1283.376648  
442.0846796  
4078.362565  
380.5254759  
5271.124795  
4028.438408  
2405.461091  
1700.107413  
1520.232479  
2113.856811  
654.9613901  
637.8191674  
329.9702711  
1650.358702  
1182.12921  
1257.472738  
503.5757479  
16.8725847  
4948.574618  
379.5314205  
1172.174511  
847.4871779  
486.5938172  
556.919241  
2493.080354  
4470.444603  
126.5471324  
1053.995283  
124.1174786  
928.33552  
344.0367916  
195.5609888  
945.90893  
1097.100072  
583.847079  
668.4183303  
177.8671707  
455.4387048  
2226.924343  
323.1754184  
621.4927483  
79.82094138  
280.0350101  
806.8411885  
304.4784586  
83.19203205  
783.0853879  
2764.184185  
946.3189715  
309.6910313  
664.9891966  
255.2395279  
255.3509199  
238.5551232  
581.1013984  
2342.002023  
1141.707064  
186.135337  
67.48400325  
