21.24311518  
13.85903298  
38.19365287  
147.992837  
42.28257337  
127.8920801  
201.0267382  
648.4164251  
998.1293656  
424.5243203  
1367.972149  
539.5528779  
564.4498672  
2507.547279  
711.9627799  
354.8704893  
2.927816308  
1010.160982  
428.9372891  
136.2042179  
2875.335031  
3796.999127  
1239.999668  
414.9404115  
1913.215155  
73.20574839  
6416.989635  
1594.397779  
288.1239557  
4685.173129  
1655.187037  
401.5520924  
932.7824999  
144.5264215  
92.64748227  
146.0390562  
946.9953514  
2844.030168  
3556.797444  
2781.395112  
4584.783425  
1557.676112  
2534.243604  
1753.127372  
2510.37187  
740.2158898  
477.6939453  
2765.807011  
42.26859382  
1783.787847  
135.9656181  
3260.27399  
1975.73174  
344.2788007  
620.0287463  
297.5365337  
1288.374421  
1170.437047  
1564.028796  
2494.087513  
4742.73341  
335.5244309  
1504.725111  
1007.262056  
3419.72749  
1431.719195  
3684.686977  
3539.277242  
7630.29051  
2325.077726  
1165.386827  
471.0380391  
245.2171334  
324.4194915  
4113.336839  
2636.148365  
583.4096892  
955.6763224  
1738.748242  
217.664221  
197.4377516  
6612.361214  
3016.74365  
8228.190926  
626.6081588  
1793.398984  
3652.20826  
1837.881967  
11766.99056  
1059.279649  
2245.416615  
2180.962543  
582.3484625  
5229.61405  
250.5164755  
2880.984881  
6290.095487  
5362.268177  
1819.484316  
4847.58804  
12074.79902  
360.6687724  
5779.634968  
11018.92984  
3914.193732  
5574.407694  
4753.332211  
43.5697367  
230.0472315  
2025.445472  
3130.347716  
4407.899387  
526.0008151  
10601.1695  
2519.945084  
437.7152782  
1654.577317  
481.2879626  
2373.028837  
2860.352256  
2483.007445  
2520.002398  
14389.2459  
5214.976304  
359.3680052  
17.67278033  
3178.009585  
1057.194101  
389.2054923  
813.1271488  
493.6839365  
77.70167416  
1340.850079  
4637.91813  
1019.157615  
6890.696569  
5555.214576  
10404.75516  
617.2391936  
1807.001897  
1388.733396  
7354.781396  
15472.69662  
1944.057062  
16380.43928  
8454.986867  
5401.683529  
11378.32552  
3486.8045  
4284.675275  
11373.52206  
14067.72437  
138.0264663  
5675.032952  
6300.797372  
12289.63709  
1648.429981  
2648.191495  
5029.998962  
2712.578103  
3164.592586  
1000.599753  
24641.2299  
1916.965063  
1084.266793  
11210.72381  
8370.856434  
3529.175099  
1719.797895  
11448.90789  
6625.379505  
43899.76395  
992.8440596  
10624.39202  
19535.26326  
7652.449336  
14189.82841  
4762.604008  
6815.103914  
171.9459877  
8528.842355  
11824.37912  
5982.560428  
4782.676564  
1603.64473  
3291.627055  
6879.869197  
6793.27154  
9396.318147  
9451.201512  
19723.99891  
23027.16767  
33610.17021  
5332.323918  
24899.76106  
1641.449172  
5904.193363  
6362.740068  
5622.10225  
3265.276648  
3871.112685  
728.950697  
5572.382041  
2474.8091  
4932.312034  
1709.115831  
6106.90636  
129.1872067  
3242.025196  
2651.906426  
1043.04375  
2833.516  
1322.230987  
1539.086869  
1118.366725  
1718.041594  
2376.937559  
50.44023833  
232.0658379  
11375.68863  
1208.844542  
76.98447866  
1054.613886  
736.8712289  
367.3234602  
334.5631806  
80.24469564  
1835.124325  
2164.38763  
938.8800137  
1571.037272  
2090.820836  
9065.177991  
4129.483527  
10.35293311  
338.6162656  
289.1128605  
3220.138918  
7838.271063  
104.1792254  
1527.182603  
5840.611191  
1677.903227  
5845.792059  
199.7232401  
644.4169144  
437.0216467  
1995.98717  
2136.02049  
4779.381422  
170.2999491  
3846.638928  
1407.961562  
8.778565195  
202.9024057  
650.8948981  
3806.854266  
2289.907381  
4875.580625  
1921.376568  
3798.498191  
2180.934703  
3207.21667  
1530.767208  
1190.13491  
387.6380964  
748.2013886  
1424.86071  
1283.584409  
1438.160406  
58.78313664  
3604.268279  
6483.160954  
2070.378715  
8121.353566  
1752.518657  
4327.206755  
1842.614452  
341.8586912  
890.9527755  
3938.259528  
2167.30247  
3392.334745  
321.8965825  
8.903773577  
1043.512293  
110.3766207  
875.642689  
600.6633389  
63.55096476  
844.1376574  
2278.169763  
876.0800909  
34.67781737  
370.3865147  
