162.0060345  
774.4831845  
362.027524  
158.4609546  
731.3193509  
127.6703969  
1704.469153  
5056.495143  
1522.832302  
2644.502492  
1909.200256  
862.356837  
3485.066219  
818.1028073  
1516.814565  
2194.15768  
860.2941198  
3190.956975  
266.4554566  
2195.487252  
1698.208293  
5845.306165  
1128.003374  
274.2057153  
7024.489055  
11538.49921  
295.7570294  
10373.64194  
5393.693307  
2310.259088  
7983.406434  
16671.38201  
5623.4454  
8825.688457  
4303.340377  
16578.24482  
4522.2686  
2374.764243  
10544.58602  
14141.57123  
7550.038191  
6123.109512  
14291.07006  
14895.18088  
1526.234955  
17001.22334  
5965.002936  
13636.17438  
12685.7699  
2741.151988  
2408.453658  
4772.261469  
8379.491703  
925.1599451  
1114.163705  
5660.14337  
1515.580777  
3337.265927  
6502.28016  
1583.163985  
304.3191891  
172.8090511  
223.3506303  
5373.594415  
2029.52039  
125.2853624  
6405.595022  
9006.416863  
4664.976642  
455.5407569  
2092.96092  
533.8987775  
3675.059081  
1621.736978  
2760.366877  
2350.055718  
2278.974558  
180.931245  
3361.451352  
384.0062501  
174.7469541  
201.5655464  
2914.792629  
803.8851539  
21.6524459  
83.70107188  
71.82860597  
282.9145052  
1189.312803  
2350.541065  
1333.238588  
427.8078543  
232.4175914  
667.9180816  
537.4193384  
1699.273427  
859.0087236  
610.8486872  
1154.545281  
177.6961532  
1163.31073  
1739.203186  
1029.549078  
1554.052785  
413.4986568  
2122.918062  
96.55423852  
1245.454442  
2582.646683  
1813.579116  
1385.163397  
2197.94405  
740.6005307  
466.7505622  
133.5377276  
1032.264162  
743.3155807  
2037.986396  
120.0364571  
1948.176426  
1253.670367  
612.0107493  
249.4610592  
217.2724091  
428.1038963  
265.3293313  
753.379794  
1848.193039  
934.474601  
77.74312089  
1537.033427  
743.4322621  
599.1476304  
1285.811347  
555.2917179  
1445.188669  
6.835148394  
1043.549787  
1221.128665  
757.1480946  
1010.434779  
5563.995334  
5224.791574  
897.3980625  
6260.792737  
816.4803905  
2698.689993  
1976.722621  
1212.684139  
538.1431248  
1975.021591  
1682.073795  
597.2344655  
295.9010158  
2239.814971  
1205.177344  
2094.455819  
71.23375611  
1156.750934  
569.5665474  
211.5303879  
1002.069152  
3762.387162  
636.0129444  
323.2909216  
543.4764267  
2073.351826  
371.7903639  
1053.999218  
2182.679503  
1831.337573  
2559.767297  
3792.497689  
1115.35164  
1336.998693  
2996.34982  
14.59650085  
2111.299982  
479.7179843  
3271.047543  
637.4961439  
1338.7666  
785.7094081  
120.1067613  
33.26191281  
668.0945027  
12.98066698  
296.9400122  
5584.588634  
109.8505908  
599.7556399  
1877.020258  
2074.740859  
952.308813  
2495.413574  
1759.194225  
87.37829497  
1466.178265  
385.3812948  
173.399424  
611.4982112  
263.8432061  
423.2195329  
2008.590369  
826.1984474  
243.8872204  
1643.262325  
2078.64164  
612.9583023  
856.9371417  
227.6570461  
128.1949983  
4565.035773  
2843.5294  
6738.189459  
988.497604  
373.8340808  
3416.352549  
2673.1458  
1215.740702  
3800.062054  
1299.709023  
1192.505883  
293.1566691  
619.5571617  
729.8743993  
3983.351859  
1845.712531  
7586.389365  
1605.894368  
1700.902927  
91.02116872  
227.6896565  
3868.775541  
2422.04847  
2173.526854  
152.6097583  
1665.533996  
1040.370366  
8267.3337  
5302.947313  
2022.371577  
404.2267382  
239.1110193  
739.6736008  
982.1293237  
2450.205678  
172.0027103  
235.3415097  
2075.271214  
16.18005202  
1405.165247  
41.32075664  
1866.504568  
902.2851653  
312.2666797  
531.1167136  
1520.584057  
111.6255211  
165.5547108  
2165.666979  
8752.044203  
1052.218379  
5217.714112  
2345.55304  
970.5185257  
7452.383008  
6216.874481  
12731.69404  
495.8422969  
5732.772612  
34701.18587  
29285.86107  
3681.763615  
3095.041957  
6597.437501  
3246.631341  
6015.422353  
4425.090107  
5976.263917  
377.4051805  
30.50985499  
1201.962112  
676.2325903  
4375.200565  
2265.708356  
583.8529575  
1130.825438  
109.3059261  
45.53061363  
1978.215961  
37.53322447  
11.54602062  
244.6343002  
289.8605972  
