48.96456338  
241.7475388  
91.48121109  
186.7735195  
884.8052745  
111.6806248  
1115.012757  
167.6815051  
601.619121  
7229.407361  
972.2241449  
1175.620262  
1037.193096  
3218.921099  
2630.572718  
652.5161833  
2354.225185  
1080.997118  
688.2470951  
1290.476722  
985.2102609  
1256.416901  
978.6827089  
1341.709982  
918.604177  
2648.595155  
1425.224198  
2532.520173  
458.3453864  
4462.229703  
349.5354673  
3932.303933  
793.2625168  
1104.445074  
1641.852973  
4095.884903  
1516.47439  
5591.316243  
4194.19829  
997.0205703  
10413.08874  
40.86628161  
1184.554688  
13.49909168  
1017.900753  
3827.736988  
1818.000681  
5774.042905  
2302.744665  
192.8603239  
309.1033369  
2775.950506  
313.6083134  
233.4476474  
1231.516214  
73.41897917  
4753.363305  
70.05351265  
1595.386606  
1452.46656  
519.2833297  
747.5145498  
783.3887668  
768.9958635  
370.7794693  
766.0706538  
1411.148327  
1755.563622  
1909.076908  
336.1223714  
1418.167537  
329.5496469  
124.3439269  
57.81823089  
1867.618898  
2572.640804  
116.618666  
195.0828075  
129.5800591  
1307.535456  
574.1525711  
14246.50745  
18111.74623  
5716.94902  
349.7129246  
4007.429803  
435.7221562  
2409.343405  
34.91413071  
105.1553703  
618.5270973  
2528.073392  
67.33581073  
2378.628085  
271.6423641  
134.0396794  
836.2960318  
1724.157856  
3911.577552  
89.31593233  
337.981479  
2477.253396  
272.3850926  
660.2640463  
310.1336995  
506.7811481  
732.4227956  
921.160551  
2192.373064  
217.9596787  
374.2809455  
679.7903371  
1130.92686  
1888.288261  
2105.594095  
4348.619058  
1405.554458  
1184.691754  
1220.712477  
581.3678111  
111.8559007  
69.53885354  
1774.793701  
3081.013679  
323.6807285  
191.2114071  
246.7779647  
1757.819271  
325.4006802  
4318.744102  
844.7489172  
648.005666  
1142.863742  
238.9653892  
1370.689185  
435.2944513  
1157.314274  
824.0871819  
1741.236005  
234.6495443  
2846.521284  
600.3321738  
68.78607327  
1044.776334  
852.3786431  
1769.642561  
707.1046951  
145.7731076  
2756.160691  
1604.634073  
2947.282575  
408.6612552  
748.6959658  
1344.25009  
971.574872  
350.6031295  
1019.910875  
573.0234038  
2879.385472  
571.5055813  
119.7028861  
345.7362432  
3221.278591  
1713.435765  
893.5208349  
1370.848771  
2033.106601  
287.7427613  
404.10498  
843.6463824  
1964.812269  
35.11302926  
586.5979545  
321.7261957  
3203.552132  
645.201498  
2180.807179  
2108.506276  
162.1869253  
1014.497564  
139.107538  
190.8718186  
776.6420189  
215.5636867  
1587.642456  
619.1838637  
236.9977377  
1143.058389  
395.9775303  
2348.726138  
686.2417694  
1391.982155  
67.18028788  
63.58642217  
234.3227407  
1590.739458  
1317.448225  
1445.784476  
947.6311493  
191.1658374  
840.0311021  
720.9235353  
2454.975189  
298.2339703  
119.1571665  
1342.551523  
287.269657  
575.3101319  
83.84604558  
288.980906  
435.6802847  
311.4364279  
2420.202594  
275.7583594  
1993.790046  
744.3642216  
909.3776263  
1083.243681  
194.4930642  
1018.522143  
1261.840893  
1198.426857  
93.39484636  
1101.293232  
652.2611247  
503.7538893  
2409.364265  
502.4834371  
512.9854234  
1329.317516  
242.4113764  
154.5258419  
164.73359  
212.1415283  
942.0562855  
866.2713577  
609.9669516  
36.58986172  
30.93316052  
1.343376689  
873.2285373  
203.5008342  
1146.793398  
598.1528512  
259.9745599  
3190.806971  
13.61395339  
503.6628448  
1772.289311  
1520.672995  
754.3027355  
726.2785158  
196.7030062  
1269.146715  
764.062623  
4168.59533  
94.18416853  
141.7464784  
409.9493029  
617.0851384  
426.7004392  
798.5722619  
848.5556634  
611.608029  
17.66119743  
1097.900164  
695.0498173  
151.3645474  
3956.908778  
35.37493823  
1104.060943  
790.6232695  
2611.033038  
237.6727705  
1073.280952  
733.6327119  
385.7786659  
717.1815329  
2616.488428  
490.0108552  
459.0972173  
48.46254035  
2004.029873  
870.2649048  
926.242243  
726.5915912  
135.1345191  
361.1939011  
405.1578423  
1223.988313  
246.1287282  
139.8565053  
220.1812943  
357.2512393  
3.204157558  
