136.7372686  
322.1625645  
8.537184457  
56.35424976  
306.6125393  
607.0625278  
2353.870111  
2097.566198  
602.8109616  
302.2750653  
1669.510639  
3336.025954  
224.8916878  
430.6551676  
479.0222361  
9777.339742  
5071.57793  
968.735127  
2873.317446  
925.5244158  
193.4664965  
6793.622885  
3992.691962  
8156.524998  
5481.865657  
457.7599822  
190.9749073  
520.4838586  
5846.664649  
3362.977801  
8619.581405  
5898.151564  
1089.295468  
746.2020316  
2778.151773  
9642.890459  
3102.294785  
3255.353277  
3468.209236  
678.1071469  
7170.774538  
2577.832927  
14524.99694  
7829.744118  
1832.55401  
8174.147971  
3060.839112  
6522.628494  
3108.18131  
852.1249505  
1896.844296  
540.9056893  
3704.931768  
1156.920935  
316.2191545  
249.6963358  
4498.932567  
8480.812392  
3151.068788  
2642.802581  
2049.406204  
208.8662844  
326.1430586  
292.7985808  
2014.797818  
1579.431029  
8258.723115  
2226.755207  
3033.172881  
113.6068208  
472.5919591  
4794.464646  
972.3098774  
959.1168236  
1737.045921  
3734.215106  
1131.940403  
861.8906069  
1063.332163  
4043.940301  
398.3671437  
1053.916196  
1700.278442  
233.1146481  
30.3777558  
486.4370867  
329.4507803  
567.3588966  
3367.021453  
1034.096498  
384.580024  
3706.414876  
152.2204191  
1530.096744  
1377.312463  
759.7316789  
812.667161  
1425.03842  
1255.455877  
86.8034251  
669.7068367  
2077.550764  
2365.892452  
3230.348931  
206.5392117  
570.0094493  
6872.319333  
273.5225872  
884.8180703  
426.8163743  
724.8312674  
294.4671751  
1749.768651  
282.74277  
1041.761314  
432.0786405  
626.9946603  
418.1747184  
46.88653441  
924.9151224  
814.8199653  
708.9035562  
1264.994961  
159.1877635  
426.0351325  
78.97897959  
1011.079593  
50.40158681  
727.9971062  
789.2207126  
759.0480952  
1906.299875  
1279.943536  
970.6985556  
2391.190097  
182.0138115  
1754.529876  
706.3469141  
4961.541505  
678.299813  
1394.540932  
204.9550893  
6217.397769  
202.5805646  
1152.104715  
683.9504223  
918.833758  
1344.432399  
1162.735202  
709.8098302  
629.1377497  
1017.356694  
499.690283  
539.2569817  
2715.576112  
612.68954  
166.1849113  
782.1517059  
328.8074051  
2210.500284  
1357.482118  
66.77790062  
3430.837578  
1181.775032  
903.7195459  
86.46427959  
6434.657783  
154.9407913  
998.4047359  
1601.052439  
1446.159553  
10770.14728  
312.2058031  
48.06777469  
3828.215353  
2603.048972  
1772.585365  
280.8923205  
3419.584799  
2331.984404  
2399.453596  
1757.369675  
264.4572135  
1508.551849  
3651.094932  
747.7506857  
2092.375651  
3408.571657  
3260.644466  
942.7158235  
529.3653903  
330.4015484  
6556.649822  
90.5993742  
946.0998174  
537.1658069  
454.2376833  
1451.153598  
4944.998658  
652.5451564  
1791.426357  
6262.731138  
1453.405599  
2122.310996  
1618.121818  
1352.049034  
1355.609064  
1326.835088  
2414.712679  
1448.0592  
394.4803146  
5947.496599  
966.1186684  
1242.72483  
1734.491303  
3156.980464  
299.5787132  
910.9535627  
1826.982499  
445.0267727  
1499.390117  
166.9637566  
558.0036236  
289.4307512  
2494.87432  
690.1043226  
359.8017658  
5034.975142  
3426.41135  
3791.233925  
22.79987732  
988.1651808  
924.9299775  
752.6165861  
528.2282252  
1383.657238  
854.6109299  
4683.797241  
494.5774071  
5920.091141  
2946.20732  
2.861096858  
3045.56932  
1588.695792  
16.17443175  
3167.228561  
154.3706082  
143.9108745  
1537.983217  
1184.049536  
234.8322896  
5111.036379  
494.5733069  
1770.235495  
830.3667414  
2293.105916  
496.4592682  
2721.040916  
535.1468176  
234.4139383  
6976.593201  
15949.96681  
7587.214449  
6615.840864  
6927.684964  
480.7351586  
8956.110102  
9469.086898  
18970.89441  
60.54511834  
16274.03792  
115710.6217  
43287.44759  
3659.248671  
19210.18831  
18572.11201  
11784.37207  
6211.610281  
5736.383703  
5192.738685  
2974.958154  
76.121085  
5212.7609  
1671.112391  
4276.048175  
10372.36232  
1555.312483  
1798.681983  
229.7676548  
334.1490733  
1587.071811  
561.3369096  
884.0927171  
874.5189541  
64.63521442  
