77.08205435  
49.54348052  
12.33310256  
1245.580197  
1040.614959  
124.6770292  
4561.550711  
2440.713855  
924.8476356  
324.4652597  
5122.708065  
3691.204144  
7294.235139  
6659.625937  
1091.864586  
2965.177495  
13230.50039  
22131.57573  
25.79649901  
3964.685543  
82.62561653  
27790.4108  
22745.07071  
16490.70292  
8069.699659  
2475.576417  
2724.405937  
1131.865626  
26863.08039  
12686.18664  
8108.627154  
8672.74604  
2979.590735  
9680.07276  
2161.185964  
13139.71706  
4560.182604  
56239.74822  
315.3207025  
7139.726147  
9585.331551  
796.2373474  
1500.528849  
24863.84101  
2379.709268  
2314.983922  
44.0396078  
1124.44278  
6605.553292  
2472.369786  
99.02982429  
11945.02384  
8148.861446  
13010.57085  
2001.561457  
9231.491419  
167.3888428  
556.9688749  
1452.471388  
284.3455434  
7802.448318  
2730.494609  
450.6098704  
381.4368366  
666.5912023  
617.8241632  
2766.393993  
676.0063861  
204.944384  
932.631931  
318.1013859  
162.4506595  
1205.290367  
635.9596276  
1400.746404  
1470.750327  
2089.886678  
1830.380501  
1732.657327  
1842.49184  
415.0113717  
4187.084744  
252.8492566  
136.6697495  
203.9857684  
2585.526073  
1334.602888  
86.09240213  
975.7625389  
394.1436261  
32.02297205  
28.69698698  
234.3713158  
18.6406068  
328.0956701  
77.11122713  
117.0889401  
849.5514463  
5244.108888  
686.9016347  
839.4652448  
167.3287547  
60.24781211  
112.9505912  
640.7131741  
891.5241999  
96.80261373  
545.5182767  
565.1550611  
1125.479296  
916.5687243  
68.68422906  
401.9402678  
513.1254519  
489.5046954  
70.8480867  
9.520443047  
1007.291839  
168.7924492  
242.3842309  
581.1035027  
334.4431986  
346.9693444  
609.701098  
50.79546768  
254.7490229  
849.9739947  
129.2427505  
522.6659145  
352.8611445  
541.7222076  
1112.004404  
1392.134093  
60.25367235  
562.7644945  
396.8196314  
21.7443213  
2206.881822  
11.9250581  
356.4388493  
185.5824096  
28.00365232  
320.5589593  
378.0423095  
1270.248092  
590.117463  
1041.966456  
120.5340101  
97.7275032  
160.9359837  
26.08535858  
6.73420669  
105.9147189  
1069.510169  
927.6452013  
35.11743974  
233.8969169  
378.9124021  
378.6750374  
135.2841088  
264.9671937  
195.6688095  
427.2163723  
971.0414237  
85.83390924  
476.2671965  
576.2929511  
1101.348392  
91.62201409  
336.7913197  
4.394293297  
72.64254882  
192.7587421  
1340.706074  
131.4814757  
106.9466727  
544.0972658  
207.9213725  
530.7552132  
198.2052457  
227.9207902  
501.6257383  
855.2928302  
270.0512018  
425.2478104  
663.6343391  
368.3151575  
25.59706617  
805.080657  
123.2246498  
289.5239126  
327.5302247  
816.2307126  
423.7869365  
237.1423377  
81.19554089  
642.7144725  
27.1608333  
327.9013333  
233.5306239  
147.3333758  
225.8468428  
620.9901521  
113.0280019  
4.103674498  
90.69400799  
92.91713143  
22.11367082  
23.22017481  
248.0658755  
76.60487379  
719.1682211  
578.2364856  
275.6461785  
510.5784374  
13.84052354  
9.949693364  
203.0829977  
31.54251512  
39.83585549  
246.1159296  
306.619209  
323.0710838  
356.8535808  
83.21397584  
29.38360511  
438.1601876  
560.3928082  
0.2318785016  
318.2653307  
356.3689223  
393.916649  
248.8528662  
29.36438634  
265.3811213  
4.34139742  
556.1515516  
383.9329175  
85.68692535  
222.4207608  
130.9776278  
194.2398175  
94.20068536  
385.8707917  
4.072132011  
31.6983071  
53.80625896  
212.8997667  
431.997941  
272.8542073  
125.0740731  
86.35480516  
161.4848257  
883.9655687  
198.171927  
450.8280426  
117.0614274  
531.7050875  
213.268049  
521.3778313  
126.669335  
958.4982213  
1069.230712  
222.6788479  
103.6181804  
89.4726718  
153.2432557  
1336.51883  
2095.937052  
93.77358783  
1008.683969  
3630.042312  
5507.524405  
282.2549114  
3047.129088  
1646.519197  
1618.516182  
45.89596817  
885.33439  
329.7625036  
21.58453582  
7.030770534  
613.2819905  
25.03490145  
336.6815594  
282.5223212  
194.3092988  
151.9681603  
60.36713236  
231.6061856  
69.60731127  
297.9517975  
40.0381809  
154.9104531  
86.4874737  
