143.7422746  
72.99043643  
38.04232977  
1826.463039  
1153.714636  
343.1255111  
2268.087984  
1728.391983  
4086.704068  
3425.40205  
4335.547156  
1970.989567  
9826.574981  
418.5806946  
5796.150623  
4064.802703  
94.51283223  
13223.25888  
1618.896047  
7035.312049  
8235.579688  
8687.880497  
4865.76351  
2786.542149  
3108.284231  
17466.19408  
14167.04411  
1990.184687  
13800.27042  
4012.456119  
2665.544506  
6730.186353  
4902.572216  
1008.284556  
2685.934573  
322.5080319  
6507.368682  
2432.356307  
3917.626245  
5725.379053  
20238.12927  
2842.040521  
6654.219829  
1102.141394  
899.9664373  
30.52232135  
1864.343102  
1039.387157  
11146.19941  
3684.477726  
6710.286916  
3547.121138  
7736.317182  
462.0346705  
508.9441903  
1275.82545  
1818.955544  
554.1008946  
2922.806673  
3478.976628  
794.0781384  
4036.41559  
228.29792  
2071.805098  
4311.947916  
1174.398652  
757.9050539  
627.3448351  
3124.133275  
2023.302299  
3738.607656  
2865.581202  
64.79931402  
883.6055359  
29.79108594  
115.5954684  
642.2691344  
920.8616037  
195.3949843  
119.9031307  
572.4598411  
1301.916918  
6235.021484  
2521.155141  
739.0194811  
2342.916179  
918.6719954  
248.096649  
353.2231346  
62.45987487  
462.4487713  
807.1062723  
9.588171611  
1662.82744  
561.2910327  
19.75062568  
1832.035076  
1306.663013  
802.5576369  
493.2755863  
1161.08103  
24.55464622  
572.4913171  
229.9270603  
597.075617  
32.415186  
65.15544707  
978.742144  
1162.940109  
37.33521799  
70.85580361  
702.4915905  
567.1636144  
734.5766549  
1029.512899  
1503.564141  
39.10746482  
4.761169208  
596.5846777  
535.4970226  
1067.464102  
702.5960797  
129.4513604  
290.6672356  
240.0395573  
164.9175364  
361.9981776  
501.0981533  
264.7995787  
534.3762291  
247.0553379  
1447.23595  
416.8777558  
256.4019143  
989.7421188  
812.2398879  
682.842222  
410.840089  
34.96771411  
580.374439  
356.4597706  
235.3378807  
1118.356103  
467.1722135  
568.7593506  
326.0561264  
1000.486394  
465.6928327  
198.0250817  
1257.887251  
700.6465718  
1989.803151  
837.6968063  
164.120072  
190.440402  
469.9756421  
66.4536659  
402.0155307  
230.5774936  
957.8999187  
118.8051251  
826.9552996  
314.8146179  
881.7025296  
70.02118932  
158.5811443  
762.5534663  
133.2553195  
1009.027897  
1331.969486  
111.6444099  
172.3010755  
268.7341008  
161.3550892  
1590.742836  
482.0684516  
1849.975806  
242.6009391  
404.0530348  
250.5025927  
83.74247429  
16.26382539  
556.6928132  
1650.565779  
431.5010413  
75.27089117  
604.8910399  
107.0102009  
140.1405028  
383.7069502  
615.6152897  
953.1211623  
250.160771  
42.69375598  
2562.23289  
1539.487394  
851.6522183  
1109.053184  
240.2267139  
1261.302073  
143.168628  
450.4994102  
38.72222684  
367.4617394  
4.121377991  
185.6169637  
46.81985544  
141.4511627  
173.2194178  
241.9081939  
346.075164  
17.42137622  
153.8936451  
592.3635852  
390.3873024  
186.1869742  
595.1340235  
515.3252928  
1313.764765  
936.7760123  
393.2032462  
1425.473923  
118.5229528  
286.9084161  
168.0359533  
134.8886764  
227.1406334  
1273.40024  
1668.216308  
932.9764931  
158.6073644  
27.36248991  
19.66037473  
273.6754193  
373.5970587  
10.44924039  
200.1010733  
49.22168249  
802.7365821  
376.2401811  
63.15030267  
15.68860559  
142.7281947  
153.6003474  
230.5653696  
84.52633036  
21.18350077  
88.11082467  
42.75076457  
633.4944696  
59.28530096  
15.31857994  
187.7004202  
617.2350149  
180.0744802  
265.0029296  
197.2381103  
99.87482551  
521.9484178  
125.3592427  
58.59837457  
1170.963498  
805.5367526  
73.43549998  
268.8623402  
1329.596093  
90.73656991  
151.0748036  
1755.031344  
788.9130376  
707.1669839  
2801.886277  
2339.069272  
65.42366266  
2442.015857  
595.4775394  
826.5551561  
104.8562264  
30.04367579  
178.9898667  
69.75912657  
585.7501168  
459.5909384  
190.7118609  
438.418933  
656.5339928  
43.25118085  
100.2925951  
164.9196013  
18.01665366  
31.57561816  
16.16746081  
4.942092211  
204.1957677  
12.29360842  
