10.86511791  
150.5263354  
47.62070545  
1270.413939  
450.0817326  
512.5476766  
1352.768141  
1160.280697  
697.5420756  
1985.623972  
668.2988293  
2333.682321  
259.7285315  
10054.7616  
296.1559284  
7116.335781  
1704.695768  
18443.78967  
2992.998114  
15893.14088  
3162.094958  
28453.35954  
39691.22007  
37330.69718  
19063.57218  
709.7142814  
14004.72016  
54553.32688  
16594.20149  
12103.00982  
38265.53858  
14057.17447  
3871.666206  
5184.863166  
5471.076451  
50.44448585  
2558.544692  
4070.073386  
17498.34598  
1865.705826  
4428.795745  
5148.401455  
4735.162972  
4460.623774  
3274.649284  
5993.122277  
2625.739132  
1378.681746  
6170.119845  
1227.138652  
1304.808716  
8127.852848  
3535.10768  
2851.192789  
96.31213195  
10071.33648  
2647.482419  
2958.565318  
742.4859624  
400.2745022  
286.6960296  
940.8436142  
1603.274959  
2656.405421  
2156.108015  
1662.622309  
887.397521  
491.4294312  
2657.333364  
2838.680229  
954.8378  
186.0470197  
869.8266767  
1543.432465  
904.5153154  
704.0145616  
1602.07087  
1044.734661  
935.1738016  
2461.361079  
670.4222827  
10652.19562  
15250.8766  
4879.894461  
47.20793423  
2065.45601  
1447.492476  
794.3355376  
219.0596962  
261.2653167  
190.586438  
2808.08  
130.7701549  
155.5448  
47.75385989  
160.5103359  
140.5572486  
966.2488499  
93.25766435  
1394.946189  
71.03023112  
308.5871068  
176.1502983  
245.1427948  
256.9905123  
29.84596813  
372.1033453  
62.22297393  
538.2915545  
941.9140387  
234.6005709  
56.32513419  
541.8564789  
368.3468901  
70.61729499  
159.9773835  
1230.795015  
5.559060484  
328.3952184  
79.35756954  
620.6120984  
363.9010004  
559.0131805  
1246.49295  
5.87381765  
60.4789903  
169.4663398  
184.4156839  
24.07235391  
505.6708281  
197.601178  
297.2444105  
122.7668101  
94.25199481  
50.61550388  
432.0400406  
462.9643739  
221.2172965  
163.341727  
605.4384733  
207.7160325  
1055.261646  
64.12294442  
489.7215116  
91.92867853  
48.85835381  
880.4427172  
107.5178375  
739.2775213  
486.1470887  
420.2870599  
689.2372506  
32.73016503  
244.3174953  
42.30035487  
388.4503554  
6.638143528  
359.1550942  
53.85016045  
816.6531581  
274.5748818  
1243.04507  
1531.292924  
62.10700716  
265.6697745  
1875.460875  
263.441512  
508.343789  
47.98928562  
638.8464762  
161.8518051  
760.2432617  
178.5197934  
391.7782433  
20.31910488  
52.28539259  
698.7686799  
557.2740992  
612.1170676  
442.0435323  
106.8487629  
5.507323987  
714.0441847  
923.8099451  
254.6749815  
169.5807847  
130.5001993  
214.1814751  
199.0304416  
552.0457521  
531.9248498  
295.0943382  
661.3965009  
318.7981679  
947.2200666  
12.6369644  
277.4881625  
94.41512534  
215.9269356  
102.4046121  
24.80926411  
58.76241352  
381.3978923  
57.11891411  
114.2951382  
598.348008  
151.746517  
630.2183637  
537.9371837  
286.5407853  
86.84419722  
143.1005823  
239.7377784  
149.666869  
78.93852049  
18.67903077  
31.26794117  
15.67346436  
212.015447  
372.5042848  
192.3058518  
25.89403629  
52.55339148  
768.6388727  
97.19814203  
95.54956994  
44.12494862  
64.27600142  
413.4166984  
44.90792644  
109.603128  
73.67463481  
140.8080242  
26.71497157  
174.0507015  
71.30935777  
666.8390322  
97.51284576  
1.362624063  
24.99870328  
106.3008713  
278.7393659  
15.63693858  
32.048704  
340.1270537  
188.9544515  
146.9570782  
527.2934347  
71.50562079  
79.28859587  
24.92399172  
100.5961648  
96.32660251  
1020.621824  
453.0135704  
470.0587584  
74.23905017  
251.082552  
145.2942022  
369.8361559  
26.91302862  
553.887942  
183.9485588  
373.7243841  
162.8690559  
58.59932684  
23.57504014  
418.4069765  
1065.341296  
701.8848981  
139.6910592  
1304.199195  
1800.54898  
86.94468943  
920.9435717  
552.4385035  
190.7884188  
81.45283182  
38.36096014  
160.8184565  
74.32495116  
220.4026063  
86.18037081  
162.0343189  
429.7237992  
53.65880983  
114.9663052  
11.59323522  
51.47260896  
252.6713975  
180.8072321  
112.1293818  
52.28944861  
12.97744304  
135.8234152  
