249.7122783  
195.0515059  
64.58052762  
2353.961115  
2298.775022  
1313.406703  
4965.950002  
3319.907128  
2068.466623  
5084.239421  
5877.80294  
255.8798405  
11800.98633  
6705.114037  
347.4866581  
649.70775  
17488.71164  
13532.54638  
797.1044452  
2958.453095  
11393.29155  
4905.360391  
3664.984523  
19001.98772  
20232.65356  
1882.000777  
2833.742805  
10204.55022  
12760.44943  
4049.343479  
10216.79628  
6381.803062  
9588.404698  
4839.557765  
19348.35999  
18824.4961  
8071.171624  
9333.249628  
23215.86107  
2053.600441  
4981.706122  
5411.84741  
4172.157615  
1195.258905  
3904.366962  
762.1995307  
1401.83881  
3898.125861  
2559.975228  
1561.168797  
328.4125112  
12356.45375  
400.3650307  
4516.563197  
2267.228738  
211.4848868  
270.0369291  
736.4910829  
2554.106466  
2918.449894  
1881.347704  
172.9610004  
1676.98941  
33.18467179  
298.9138537  
993.0840077  
1979.22019  
348.7487138  
939.8214063  
1431.033249  
1152.847717  
260.2877527  
1387.770879  
67.85302317  
530.596911  
2903.96506  
1311.453494  
1017.986459  
18.83867287  
1444.35876  
952.6701417  
1436.252417  
116.1422852  
1184.889504  
3.774765629  
28.58038571  
245.5131177  
683.1113426  
971.4912329  
112.0414448  
105.6043  
1251.731874  
349.2012289  
81.89723269  
402.152774  
324.4852049  
390.1647238  
40.78849574  
352.608958  
276.912128  
29.98202807  
1652.863103  
766.4889489  
243.7457485  
227.4972804  
1198.690939  
12.76968469  
990.5854018  
5.555024008  
697.4010672  
63.40861417  
490.0578187  
694.3208266  
729.6681989  
476.2051432  
171.0083005  
184.0828541  
578.410225  
767.8235128  
10.36284888  
768.6621359  
106.8653032  
1483.068778  
82.40336156  
1000.740095  
658.3119378  
250.6560639  
36.32356726  
1.801173981  
133.5353467  
155.5556743  
235.0065562  
88.87978006  
514.0090951  
336.2852096  
3526.85767  
1121.805511  
1623.568559  
441.1540612  
249.6819229  
812.8343958  
4.321876774  
415.3086158  
1171.239371  
1077.04607  
717.7743656  
95.04149088  
115.6314454  
494.8783365  
373.4843822  
52.77218222  
737.0763186  
7.969848481  
140.904292  
865.0663875  
189.039398  
236.5870348  
26.03159797  
212.8842041  
269.519883  
248.7800311  
171.5188892  
2546.895023  
625.597025  
129.7205551  
323.6980377  
773.2607554  
89.39801999  
393.2913119  
557.5426883  
174.1908215  
1813.254083  
533.0127234  
477.0088277  
2580.407491  
225.2108057  
824.5890213  
769.5343388  
124.360572  
237.0883485  
1459.70714  
67.76191639  
3093.471262  
1233.78048  
81.2184485  
129.4890915  
1284.724189  
276.9749785  
691.2800905  
258.5414792  
358.3601362  
1914.341058  
711.3599115  
346.2637221  
605.9383897  
245.0892208  
741.6602596  
273.3743299  
356.289574  
324.9697979  
145.7913433  
75.81641981  
489.1201171  
63.64998494  
21.82932701  
243.9875425  
1190.230166  
130.2632465  
401.9610298  
253.562292  
145.5703353  
738.719497  
90.80305475  
51.10483862  
389.6849801  
24.6229391  
31.69953159  
59.78706973  
825.8541671  
121.1924799  
55.19040481  
105.6383692  
70.62617382  
34.87866875  
30.21676731  
8.132009045  
328.9112324  
181.5880597  
223.0774438  
75.43382803  
45.65003684  
556.4751259  
8.985519175  
357.6915483  
99.92657194  
328.7610909  
242.5065443  
57.94046068  
381.9556002  
365.865515  
91.81773122  
464.9727975  
318.7780596  
57.94023777  
25.92345214  
100.7745679  
201.2863511  
15.92934058  
732.6209706  
967.8603424  
350.9663833  
202.1785514  
214.3710288  
226.4588798  
289.850704  
218.0292341  
53.19922762  
202.2054943  
43.28564586  
583.1958685  
1078.684217  
1841.998714  
1544.427975  
3933.093182  
1730.567821  
1366.455364  
1280.297215  
332.6623328  
4808.619968  
1367.238575  
1533.916419  
15019.88921  
4453.56699  
738.3886113  
4604.064368  
1662.217955  
2147.425019  
555.1195622  
345.9990005  
1459.235525  
659.2874242  
402.2587928  
1427.66637  
455.2813607  
1068.894577  
941.9410139  
20.88014861  
239.6949065  
385.6826852  
263.0821786  
86.1426225  
314.2760164  
403.2765373  
867.6870084  
790.0339198  
