394.4643321  
851.6265219  
369.4889993  
974.1437084  
920.8303774  
2570.839839  
3020.190329  
197.3007175  
698.1346119  
256.7652309  
2511.666662  
478.4471343  
782.9303339  
973.5351572  
3322.162935  
6834.623421  
1431.401114  
1064.375611  
5057.876832  
847.0313715  
5760.933755  
2726.970977  
669.4885996  
38.88018489  
3990.999439  
660.0810714  
990.585364  
1257.90769  
3408.467308  
1287.68013  
2520.970493  
9350.56787  
560.1990904  
1336.611611  
3445.101115  
6781.268124  
1971.141116  
2539.75551  
452.7910212  
13824.55527  
10680.47374  
10024.61206  
14965.59451  
15528.53123  
308.7795672  
8607.753873  
5778.934474  
3767.964578  
9851.666729  
1606.971249  
3244.664344  
3840.396968  
3716.404  
191.6453857  
1140.384223  
4917.525662  
1199.186268  
3944.265161  
2130.527795  
2124.887418  
899.2857212  
295.4841631  
1528.303151  
1638.953112  
307.7232992  
1261.845303  
1994.099156  
4345.34932  
3826.249249  
4652.394396  
2807.853533  
2647.938359  
1520.809774  
600.4937928  
3122.94123  
8264.353855  
4611.446915  
4856.634981  
588.6102349  
567.87756  
33.59718082  
10802.87715  
218.8848783  
6331.385088  
840.9756366  
740.3387084  
1151.749002  
515.8902658  
1973.496343  
58.35871204  
284.8514467  
463.1855717  
229.3611901  
738.6797305  
1382.874133  
2836.476642  
2626.407124  
592.3831695  
137.969022  
2734.673173  
409.4484713  
1242.923612  
1417.481042  
859.6754742  
1933.387649  
1322.047415  
733.4459677  
344.926581  
136.8672933  
2775.616014  
1581.327317  
823.9895531  
2005.028717  
974.1195889  
639.7317845  
96.84978268  
740.0269861  
1282.157893  
1013.865931  
247.8980193  
252.6397422  
1641.496871  
401.701468  
1839.57681  
894.3627997  
382.9520647  
1808.413714  
115.6284641  
23.08317112  
2323.859579  
807.6512932  
1737.686737  
1098.567341  
844.8835569  
271.8044069  
658.6277529  
843.6219465  
600.0979635  
313.0021475  
311.3040014  
182.380889  
4143.108073  
660.856558  
1232.18655  
802.9996054  
2726.756213  
1463.641784  
1082.565079  
184.1900828  
311.8165836  
1555.973436  
1762.083192  
1500.189542  
219.28084  
2777.22468  
1377.108685  
3.374167428  
1165.014187  
2661.333863  
768.5410873  
52.22172406  
55.37189649  
1310.576016  
1769.714073  
2416.488863  
71.58022762  
659.2440154  
3203.239817  
2061.520941  
2096.031518  
1294.944629  
4270.397667  
1561.758286  
1103.773542  
4206.937936  
6058.723729  
377.5766949  
1288.598323  
420.2161653  
1751.17271  
1240.513782  
451.2115136  
1862.26058  
2899.938971  
512.1375562  
260.4562632  
56.13687745  
1911.873619  
3808.820252  
5897.132949  
1708.013136  
475.6241684  
3952.760876  
923.8251533  
4900.970469  
2183.916527  
1018.224758  
712.7937299  
2606.154709  
22.03561704  
2664.351158  
2437.841455  
629.4393052  
1319.562755  
205.7770107  
818.3564695  
413.1157235  
175.4719846  
2116.445716  
2089.109097  
1444.021395  
1996.955866  
332.4441039  
1562.712169  
265.4409855  
832.1668095  
877.3919304  
208.8418803  
3180.253912  
283.1843062  
673.0485759  
245.3764343  
649.9675174  
495.8942492  
1296.499155  
518.3219031  
241.0120974  
1638.012437  
501.509429  
3826.24459  
856.8042091  
299.9776763  
775.9618441  
495.9234662  
882.0028397  
2668.219992  
223.5265258  
2000.014833  
455.0406088  
2396.519157  
1414.57842  
73.85957785  
1126.002992  
388.1406661  
624.0490129  
1847.577853  
231.9754593  
151.1293063  
4120.338578  
2170.946185  
1189.992952  
2607.012308  
381.3308172  
983.1252642  
294.5117683  
121.8966355  
1666.896534  
3178.166905  
284.0710734  
4004.823418  
4694.752658  
21283.22967  
13923.14821  
10694.49337  
8491.084261  
2541.029842  
6119.08417  
6685.397458  
39279.85611  
3682.300157  
17852.79693  
168182.6079  
43907.85266  
5529.551269  
34762.35604  
8498.780656  
23837.65369  
5286.358713  
5346.065822  
6291.187911  
1719.683172  
21.74931491  
11175.36113  
802.5640739  
5285.475385  
13875.40406  
1273.506791  
3863.298292  
1755.343405  
1877.983929  
2034.771757  
1338.60483  
1817.235871  
1982.387399  
362.4711514  
