296.4561493  
24.18613516  
84.36002694  
1677.326208  
451.1830254  
450.7816252  
1347.387857  
1468.162662  
452.6823836  
7108.231024  
8867.388041  
6713.091732  
659.5226567  
8945.94103  
3567.086474  
3648.737554  
15202.76902  
33803.98685  
1775.380794  
29725.65643  
7893.588197  
22870.36574  
8188.637221  
1574.65504  
22312.36062  
26340.05629  
6602.181773  
28702.44684  
261.1881565  
48651.8669  
53702.58901  
23584.59537  
2756.084431  
43087.9099  
70109.18687  
6647.637043  
26025.37676  
5712.882587  
275.7742989  
17385.84736  
6744.522901  
7283.768882  
33687.94367  
17230.57076  
19894.33787  
3921.275316  
6385.042676  
26428.85547  
19785.12604  
7508.716751  
154.4712298  
30606.66247  
6546.72797  
1226.520445  
3995.372433  
774.3810778  
788.3769607  
2055.207174  
2807.107726  
7396.198316  
7051.940601  
10625.42188  
4842.684798  
10626.79516  
12043.41694  
4016.355268  
11229.27256  
4122.149205  
2167.257762  
13403.21645  
14083.93851  
1670.911283  
4095.874997  
8295.681207  
467.5674453  
4229.135736  
1487.925637  
366.2854966  
738.9217376  
1078.351725  
1892.316753  
5156.308476  
544.5225366  
2899.872094  
1733.129119  
3145.620969  
1802.90357  
1963.453249  
813.8070756  
2889.473047  
6848.327182  
2291.131522  
2220.060664  
42.30356572  
136.2106256  
397.8016631  
850.7704465  
1548.660955  
4662.706416  
1277.851089  
2133.695095  
2525.880663  
435.7070021  
403.019972  
500.0936759  
2977.882797  
733.8864953  
2427.880651  
1204.016144  
636.1105643  
2644.550484  
1451.811279  
368.8157663  
3595.168817  
358.8385581  
3618.812839  
1608.274235  
656.120673  
2110.210233  
793.4842108  
220.0896002  
1324.507907  
1345.79748  
354.7448889  
880.8943946  
83.08119874  
124.631607  
233.1622276  
3129.590591  
2321.238895  
351.5073535  
117.1742457  
285.3415376  
132.1830294  
689.1302525  
534.8452396  
65.65934917  
651.6681853  
1605.532962  
681.7528668  
138.0249935  
1001.410077  
190.9804119  
775.9317974  
867.9014081  
2660.622761  
1964.790881  
535.5099951  
2269.710188  
19.52465922  
8.599638317  
1164.349467  
1411.523254  
268.4537112  
846.421151  
32.30296477  
139.7958585  
1361.975694  
51.40456048  
541.4660728  
89.49495591  
546.3846368  
385.5210345  
440.5972158  
1599.920547  
402.3404791  
202.9792217  
172.8661432  
484.9805606  
1653.815954  
36.6467517  
1448.516192  
787.0017639  
620.7968767  
1270.763733  
490.1750523  
1797.32886  
211.6571879  
1144.684615  
221.7428023  
460.3335384  
322.0989293  
2395.741593  
5.333633193  
231.008695  
1246.013958  
334.2299146  
479.8240319  
1766.165832  
123.9209695  
1051.642212  
164.6485577  
2713.701081  
319.834284  
323.1963106  
138.7777614  
112.89229  
238.2255646  
347.357356  
128.5295922  
173.3614597  
510.2591782  
48.8471449  
706.3964822  
16.11358469  
458.1690382  
80.18746396  
155.549718  
55.74692095  
92.51101871  
254.9282069  
149.5238799  
180.7751594  
18.75027753  
525.7069236  
924.4021188  
64.61026457  
103.2655227  
395.1706373  
191.4116154  
255.2851548  
46.95221958  
6.935787945  
438.1664758  
86.71848755  
63.20415445  
13.24498269  
813.6142894  
3.225269377  
314.4365195  
60.04796583  
89.76398085  
705.7949538  
278.3640613  
254.3089531  
250.4194355  
33.40727786  
164.0903557  
31.52804748  
671.6779382  
49.51912017  
111.5535392  
163.2597702  
152.563787  
65.47758597  
244.1317939  
44.15526879  
499.5950183  
21.10632557  
868.5433202  
270.1921525  
291.3261149  
211.191533  
85.382569  
24.17168541  
2.924632466  
166.5364358  
596.1550569  
102.4863271  
333.4424679  
131.9184341  
3878.864073  
844.6216269  
1288.987585  
472.8189869  
357.7547323  
881.6037662  
983.6928626  
4447.031907  
328.8959222  
1709.86308  
14778.25908  
8243.13065  
371.9158175  
4918.318788  
2269.26488  
2135.898364  
314.7940949  
666.322097  
674.7133007  
287.5218879  
241.833261  
892.9670533  
338.5752773  
804.9232378  
735.6805163  
161.0517945  
452.4795775  
58.37972003  
436.3776592  
254.864867  
86.07840982  
419.0464019  
42.41596945  
23.97838525  
