28.4114903  
129.4963645  
79.87287091  
378.3041059  
98.65379043  
86.01927421  
434.8911773  
1910.638925  
36.25369232  
1796.580042  
1387.566035  
3863.057052  
2038.012235  
918.0014773  
108.3031122  
2582.379599  
990.1309584  
2792.64211  
4790.656686  
2840.74  
4008.36651  
2370.23389  
1015.808548  
7.375265135  
174.3764272  
697.0199781  
1960.861394  
161.6957891  
1050.19907  
731.1527714  
2889.894843  
17.33230536  
1951.121595  
1082.626179  
847.9012809  
2791.873919  
2107.153665  
5319.781411  
2214.251003  
736.0396928  
537.9780661  
4441.893962  
4177.506406  
120.0776863  
62.23157829  
1171.871315  
4.784157963  
2723.576866  
1594.258574  
55.2719213  
1338.424165  
2133.611176  
3979.745936  
119.6914127  
1707.230483  
2690.523657  
1174.196521  
20.20224878  
355.124459  
1095.621523  
1545.233806  
1036.741323  
1484.395772  
291.4363456  
1261.962949  
1407.621754  
308.6113393  
5711.993268  
1535.177035  
97.39750549  
1076.99947  
574.7234094  
449.5362246  
596.370282  
518.4720007  
875.7912233  
3174.907334  
1331.472905  
2329.614578  
14.89274948  
10.318948  
355.619793  
1998.236061  
5401.265758  
331.3100562  
2920.212201  
7.6728552  
1068.883145  
366.7883097  
791.5047274  
598.6062956  
1568.973411  
316.8244222  
61.00923754  
843.5022387  
175.2906391  
715.81901  
753.3896405  
1357.091518  
131.6071704  
1877.443347  
971.5855189  
1434.34799  
81.31713562  
44.78568725  
3311.647417  
27.8625385  
79.97843115  
1968.307253  
279.4600151  
1355.137733  
206.5413885  
2050.262651  
792.8668268  
513.1618392  
722.3608278  
163.8670106  
531.4344182  
81.59514553  
1046.048775  
334.3625668  
1480.16014  
271.6469098  
28.11316317  
341.7553074  
452.2696239  
146.0948224  
649.473612  
1320.713724  
4529.559669  
251.4062671  
922.36977  
1407.521257  
410.7796275  
284.4817655  
1204.719887  
1605.690805  
2973.013252  
559.701364  
1628.002036  
2430.274105  
2328.018388  
786.7308466  
4.680551148  
3757.861925  
36.63887548  
27.98075281  
35.79355432  
292.9310637  
1260.75221  
1093.922322  
253.5738548  
357.7283457  
3352.087926  
9.273729303  
6.920246356  
2933.724034  
354.5573067  
2018.564382  
457.0204446  
316.2693994  
1631.296219  
3148.714949  
251.429505  
443.4844786  
1430.062422  
448.6440132  
692.6959117  
1383.493981  
434.4684601  
538.3032114  
1191.502378  
102.7843792  
441.8580192  
24.56802195  
209.0110248  
2511.104862  
265.5340539  
856.5412353  
477.4250257  
1430.117401  
720.3260946  
218.5498241  
675.8734197  
709.4043449  
214.5554896  
582.6873363  
999.0250112  
1307.351367  
560.9656422  
1015.605907  
47.75404271  
1098.447173  
738.4202314  
274.4482458  
1800.845561  
898.4662036  
837.8025337  
492.9861385  
372.0562838  
646.0157826  
735.581717  
1055.099046  
124.8967851  
2169.012854  
27.1410317  
583.287871  
1068.73076  
215.4076702  
51.18175247  
2413.47976  
472.2156261  
147.2182694  
1047.898574  
1667.053652  
98.13477285  
910.960418  
333.5259938  
1159.755038  
109.8545853  
889.0480611  
225.56653  
107.7312845  
608.8419892  
1090.587158  
148.6711674  
0.5576789337  
122.7879266  
498.4605524  
217.7911854  
12.07906309  
119.3219963  
1432.923804  
558.330315  
461.3631088  
106.0823259  
191.5644094  
87.21548196  
56.45345292  
944.6938572  
455.5571126  
1031.959535  
2.371951023  
695.2911208  
309.831807  
1486.280481  
250.2507757  
238.3527316  
271.4701262  
603.1363315  
709.6532275  
88.46543947  
4.624526279  
113.7572182  
288.7523069  
343.392714  
382.2961203  
443.3917945  
139.1025683  
1461.364338  
170.2820983  
201.3163097  
708.9504383  
156.8283884  
95.19700047  
7.459546793  
1154.565499  
370.2420572  
781.1559229  
417.3660203  
386.3262067  
2610.605765  
648.0210925  
1419.783472  
348.3716957  
476.4127713  
937.8450192  
201.0095591  
692.1064864  
81.97274034  
442.0063407  
700.8906087  
295.5166953  
399.9262013  
1021.867144  
89.6191712  
31.80923331  
1045.422831  
154.9368619  
965.9128938  
117.8642418  
48.32507473  
664.7124892  
929.9481573  
5.28208956  
