61.02167882  
161.9733143  
295.3449193  
669.7431456  
850.1393265  
976.0249424  
4334.201927  
5545.568365  
6419.700255  
11730.00128  
13775.81659  
13701.09224  
15239.7844  
0.7848801483  
746.5145858  
1432.186424  
1105.006885  
770.2915506  
436.5643858  
4956.314389  
616.9586244  
1473.523926  
1777.949119  
197.8842173  
802.4529557  
989.5937664  
12155.52518  
5341.496024  
9013.191608  
316.1805229  
1605.546648  
582.0270031  
1761.023591  
256.0194214  
189.558188  
12777.79049  
403.4635121  
8233.001252  
3630.381638  
866.0902575  
2046.836023  
341.6634377  
6585.355656  
6559.292622  
1031.5634  
106.9318921  
1580.415709  
2951.096671  
829.9042339  
37.42849854  
987.8375981  
340.6980109  
33.4548834  
554.4154026  
1409.344087  
2201.508616  
1353.85455  
103.673219  
395.5309584  
1461.785938  
665.1965914  
217.0103331  
2600.718349  
16.92199368  
658.2504086  
1172.694083  
76.99678558  
428.7594043  
3.017419621  
645.0773883  
304.4941033  
839.3597711  
895.1487789  
1391.250038  
1267.906948  
1751.047379  
62.37906417  
4245.35419  
334.0089186  
731.5876144  
2674.22896  
4682.528924  
5823.265698  
5560.19676  
17.25458687  
1748.389623  
7.614698115  
292.0088315  
451.7419392  
660.0387911  
146.2330537  
576.7271809  
147.7234147  
754.3988651  
620.5619239  
240.5381498  
79.85597394  
146.4838145  
260.7838418  
74.53914837  
55.61450021  
594.8750481  
382.4409952  
577.2706988  
1568.180921  
186.1582666  
747.809066  
36.92377778  
37.07557601  
313.7279965  
808.1585666  
103.2283391  
315.5066488  
426.3767564  
238.5684137  
8.630741174  
1293.012226  
632.3601933  
213.7376923  
119.1104397  
800.6091341  
160.8907444  
5.254739598  
175.1285581  
425.1530571  
794.2649533  
112.4437354  
99.07987254  
353.2670225  
65.05105502  
368.5706382  
735.984896  
98.58749699  
375.2325924  
430.6603683  
1319.653683  
530.5017598  
108.5355511  
96.43548704  
20.83275944  
25.98403585  
996.1848657  
516.2132305  
702.8421097  
389.0996694  
1122.130626  
1911.049371  
401.4548012  
88.31396446  
10.14341052  
179.2524852  
1198.23324  
145.1344405  
126.477276  
415.7863115  
3.166151634  
18.5987415  
212.8994645  
487.1246965  
1579.070035  
1418.609577  
2157.960142  
5001.212797  
1038.127617  
724.527674  
1594.733317  
1032.573201  
258.7046029  
545.6979869  
154.2215838  
1158.121203  
148.5368271  
277.5606797  
230.2717753  
1052.045486  
1269.273267  
518.0455607  
100.5573532  
374.0235549  
256.3347881  
109.2995867  
113.1178776  
234.3465589  
97.32640206  
139.1618371  
103.0371174  
209.9054272  
126.0088274  
159.921876  
296.6486478  
11.22641302  
155.1007081  
133.2545589  
27.36039479  
22.33644518  
668.2918852  
407.9571803  
134.4712663  
320.3278622  
103.8802968  
129.5236448  
38.19357186  
128.493595  
96.10357747  
194.1599484  
392.2437029  
7.123072262  
724.0317299  
448.552292  
93.15082332  
6.186303092  
691.2839806  
418.5013595  
93.85693935  
115.7234245  
42.88651297  
50.14615656  
2.49166702  
40.68247191  
13.56913873  
57.3830243  
111.2332823  
65.64596351  
187.050019  
141.5740862  
206.4203055  
14.68581806  
128.8183813  
221.7748406  
113.0842382  
111.9197476  
75.64789318  
216.9634213  
176.1122651  
105.8262063  
30.7134026  
1011.458865  
70.65664003  
52.44167836  
163.8207325  
19.56597872  
979.995022  
140.4815445  
258.9784513  
34.28741001  
49.13140697  
47.9641508  
285.4010462  
193.5958119  
262.3394713  
233.4059391  
74.16553065  
111.1559  
72.7987671  
163.1908315  
271.8000964  
207.5855724  
461.8465292  
234.0401847  
74.87489154  
22.89663359  
186.5371421  
305.9989209  
11.95491554  
193.1436445  
528.1566415  
40.09897899  
107.7292214  
468.2548476  
116.0908229  
562.2071472  
1576.840736  
2725.957556  
43.28242167  
2401.229238  
672.4160602  
205.2129834  
103.6368448  
33.81676192  
104.1552327  
182.6983723  
792.2380188  
264.3177871  
275.0960473  
39.96287903  
78.68792685  
126.4373416  
48.86121773  
90.02046856  
59.6008817  
41.80898164  
301.1148415  
52.54680524  
52.21490141  
9.616833371  
