3.498970834  
4.687869432  
35.00090584  
79.3602467  
103.8303512  
162.006369  
742.3224444  
1726.079506  
140.9904529  
875.0365554  
1453.716105  
206.3108866  
1388.24108  
1246.554523  
1126.825709  
186.8075162  
751.3218497  
441.1504001  
439.8557146  
120.625534  
4422.086677  
3729.520937  
180.5604821  
1030.993141  
1831.240881  
278.307207  
2729.68352  
1952.545332  
2624.485561  
3155.643887  
1609.410944  
2628.743626  
1614.681894  
1192.553649  
297.3911921  
1321.67622  
2704.907294  
1337.873919  
1583.20999  
176.3612856  
1039.608135  
563.8874033  
1115.926285  
1963.411392  
1064.542575  
2620.219651  
256.8395738  
566.0441194  
1188.907724  
717.4930666  
2576.235213  
548.4769093  
1034.774996  
820.3426843  
40.88268288  
223.775931  
37.66274178  
2156.015561  
1535.778154  
92.35992164  
1162.70489  
951.2220815  
258.6225732  
261.4625494  
1021.73278  
623.5785868  
44.85611715  
5.081283382  
161.4684643  
24.89364976  
307.5428092  
759.1221438  
624.2241579  
1281.474464  
2361.666028  
656.9552792  
9.230608064  
519.3528307  
1111.925579  
64.43074615  
1014.061309  
86.75925533  
250.2249617  
958.6379259  
1191.260634  
1526.541413  
1544.2754  
20.24856857  
524.9264754  
282.646626  
249.8889939  
1208.045547  
693.0580633  
346.9536615  
837.7281976  
727.8357081  
1329.555874  
3412.222425  
362.0364781  
2453.498058  
1768.794583  
178.6945756  
482.1776518  
1484.102464  
271.9048851  
1058.024135  
1173.5616  
625.5715262  
817.6021841  
409.5910143  
530.6767615  
192.1065254  
373.5360726  
317.8349689  
1092.750358  
46.03929352  
397.0421819  
324.0009057  
165.7898155  
4100.327612  
1649.760633  
921.3184686  
915.3349032  
660.2356774  
619.3964422  
180.4677018  
1407.676314  
1025.169978  
654.0681138  
362.1029482  
380.8734723  
27.19934975  
2043.667697  
329.1701835  
65.35661696  
3308.376756  
913.3762372  
988.5158425  
763.4472884  
41.87763253  
1397.694094  
444.9825082  
1653.05036  
1230.745874  
936.5687772  
2152.330553  
1603.719133  
279.3523173  
478.6489869  
1772.029013  
190.1861413  
2833.13101  
324.2730541  
1411.828681  
409.0418831  
1000.127433  
826.6551727  
285.7058704  
1080.106743  
218.4482293  
1690.202595  
692.1227385  
2062.245612  
48.97648413  
126.2112459  
1207.675738  
598.0326119  
951.291022  
1366.881185  
1737.616264  
299.9592181  
1394.865093  
327.6583398  
2737.047297  
729.9425526  
846.7925221  
1815.199419  
640.3064251  
278.1949421  
2608.110007  
158.3086706  
573.3670741  
567.8218818  
657.5136907  
943.6837658  
88.05897112  
57.67145863  
2195.204726  
198.6488663  
580.3563506  
958.0936461  
373.9686799  
277.7338367  
402.5279781  
1134.310561  
960.5723402  
139.1972132  
906.8963663  
882.3730174  
210.8438764  
109.1252763  
610.9640695  
120.1858987  
133.5324705  
809.1689591  
700.6373111  
527.9585028  
1405.788027  
1711.724996  
393.270834  
468.6732472  
1776.996474  
975.3225121  
557.7140558  
122.5720064  
85.99508058  
269.6460128  
37.09814483  
633.161431  
305.6633672  
937.6252424  
150.5730476  
112.5899249  
339.894366  
426.3580676  
472.0454758  
671.5349766  
331.1027404  
203.7727287  
35.76464968  
687.6496864  
44.38493186  
1479.594462  
143.9515364  
320.8792276  
43.79978032  
91.90684495  
68.68905264  
838.7136254  
242.4969958  
1151.575797  
672.8361714  
2172.964369  
281.5048444  
432.3640255  
730.9569487  
5.83303515  
169.2978692  
333.9814235  
15.89393663  
92.47778461  
975.8848584  
2.949594744  
165.0258814  
89.09496192  
68.51668729  
205.6214141  
85.19615769  
396.3812973  
381.4111729  
326.1636548  
522.4637283  
1234.427681  
1415.610922  
191.3250003  
17.41689874  
146.8537161  
414.8053541  
1342.552897  
55.2919063  
983.4222899  
1105.243468  
2711.162332  
119.7981236  
770.7045398  
1115.933804  
2315.26306  
251.0792218  
28.97738646  
338.4368117  
110.9882963  
0.6315892445  
356.9824739  
91.01220104  
79.30625929  
256.1429949  
103.4791512  
36.31319403  
796.3264803  
20.17725996  
33.06463893  
500.5446008  
769.4470018  
91.94707224  
285.9924339  
