90.88746974  
110.8425421  
3.969325545  
75.58740352  
140.7859418  
456.5616128  
110.4247045  
54.26813898  
1730.300581  
111.9250516  
1033.071652  
641.0567196  
391.1167292  
381.0301617  
364.7428362  
662.2970995  
1114.2676  
1649.324489  
716.7449654  
549.2469333  
1651.936728  
2232.19972  
746.0126392  
242.7123301  
1658.075914  
209.615889  
45.7044247  
438.6640015  
2141.549577  
736.9713586  
337.227684  
810.9056462  
644.7311934  
987.5008331  
869.5172512  
291.6035872  
1903.535756  
270.4556552  
1111.341313  
2006.384275  
1481.153871  
2978.24101  
3343.870752  
289.4206623  
817.4779553  
817.3443352  
363.2797519  
811.8181715  
711.4850913  
976.5636982  
1155.298735  
1783.553238  
2364.260354  
1630.679948  
232.2209458  
146.6253461  
455.0106859  
324.1368978  
136.5815699  
1274.939135  
135.6139941  
1447.992475  
107.0758844  
3347.602431  
521.3360169  
544.3356959  
915.7741212  
220.4363064  
666.9700423  
1717.733002  
1762.51394  
310.6018594  
833.8745577  
1852.588937  
150.0553976  
427.9281652  
835.8631956  
47.67068222  
836.797822  
325.6639685  
0.5468102578  
5186.677506  
15620.01287  
5412.009056  
908.539481  
992.2417074  
633.8540392  
1003.522106  
2245.288741  
130.7452935  
198.354369  
318.1364883  
207.505035  
118.5559871  
380.5442437  
222.9161601  
209.6514514  
100.8694415  
838.5729595  
2537.44477  
54.48215956  
559.1678888  
1056.515631  
710.9462087  
249.1335962  
1214.143152  
761.4098029  
889.1016582  
279.4938206  
296.481359  
1164.254458  
216.8086931  
1582.444911  
500.0379108  
39.62759081  
338.7121337  
449.6055365  
389.8847727  
221.3007267  
483.3037295  
340.4250294  
632.7333166  
26.18557268  
395.6386181  
280.5680205  
164.0435494  
175.5081792  
1008.38368  
1037.509492  
82.75071741  
654.2778339  
487.3127862  
463.1829207  
238.4002357  
1053.653183  
46.52968193  
593.380752  
386.4804281  
242.3551129  
1230.826207  
417.6245772  
40.34831677  
976.1359411  
425.3379332  
1992.423595  
396.0560429  
1597.325656  
27.97973273  
331.1247394  
500.9044478  
1151.446916  
1287.25453  
572.2959246  
944.6243853  
1842.200167  
1812.025709  
290.3848156  
164.4426695  
74.33180221  
872.8149587  
1418.391928  
987.8472351  
3055.89905  
27.17672103  
827.953588  
1943.739604  
39.85275591  
1906.810938  
70.2051513  
1268.518863  
838.3912767  
2651.408693  
251.6573152  
1052.10304  
1968.442817  
791.7122123  
604.7393606  
31.89357472  
343.543617  
1065.795538  
367.1908246  
1042.229621  
771.519702  
29.40473545  
530.6824306  
342.7004467  
620.1276189  
155.3905319  
1353.547177  
51.71222254  
72.0241432  
181.6459223  
2136.140541  
143.5435194  
428.0258706  
799.5417411  
344.1228203  
1686.594856  
70.02309813  
616.3565071  
13.45672299  
137.6128219  
1.519902927  
142.5391678  
104.1297371  
1141.743401  
93.71799357  
33.85818042  
449.2519977  
655.9715575  
153.506021  
1158.259601  
61.47520585  
1547.652083  
69.57483049  
259.0375773  
287.4166134  
357.2286783  
308.6872638  
92.64234474  
1039.253112  
771.3140297  
138.1810967  
750.9358276  
151.7679179  
206.3005626  
181.7155168  
10.80624836  
658.8018875  
86.91703294  
1895.982147  
638.8444269  
1565.843513  
35.18882794  
4.868267322  
323.7665187  
373.5306284  
396.6368292  
95.98440112  
199.752484  
89.93070774  
2.457022573  
176.2219517  
189.9208359  
582.9957243  
246.4713068  
92.79642807  
620.2743219  
85.58199643  
21.63549035  
500.9287662  
451.4265399  
1052.600032  
106.9579822  
4.834610997  
599.8838845  
97.85375095  
130.6875088  
189.063836  
564.8593139  
536.5467049  
2243.795761  
748.6091347  
518.4263971  
205.6566404  
539.0466008  
188.9906698  
392.2014187  
2998.682018  
81.25884889  
2731.432278  
7691.13841  
4307.96363  
575.1956611  
2684.391501  
779.4578784  
1879.82956  
525.512353  
193.1981002  
206.7765202  
137.3005391  
2.620086322  
544.8862594  
1221.485956  
764.6103361  
243.0874447  
570.8518311  
39.91690604  
92.78714715  
346.3112116  
582.5148106  
1477.713023  
21.56336169  
855.2190434  
713.5864397  
