167.4698586  
57.2998461  
1.405965553  
911.848043  
119.1053816  
60.51991438  
3290.059741  
3727.298025  
3780.914049  
953.7336737  
3643.270789  
2318.257316  
2689.06946  
2237.820586  
1.829795883  
1427.868871  
1300.10909  
5991.743566  
1339.332827  
1450.515015  
740.3264325  
25576.93907  
9678.487184  
761.2775952  
2348.221362  
8.235821923  
1868.305815  
932.5023656  
8900.615973  
3233.7282  
4594.747959  
441.5075632  
366.805091  
1316.755574  
5867.500695  
643.4515043  
6780.45759  
807.4213608  
9552.610989  
4080.44331  
1110.404598  
3021.895261  
10758.41102  
6747.25822  
12781.5428  
11343.42062  
3702.782687  
15349.37977  
922.6341659  
1619.32109  
256.0023947  
8450.666439  
17941.70489  
456.6312385  
915.3384501  
8209.930798  
6867.086639  
1669.891373  
2200.980659  
83.9440888  
2872.475397  
245.1692528  
2154.986394  
2761.401014  
2648.226268  
6239.646601  
2073.276405  
2123.615859  
1830.321765  
4971.971509  
1818.213368  
747.1305922  
20.62310039  
1669.965054  
1201.528064  
1975.752684  
1221.251592  
3133.907874  
1585.992872  
25.97572202  
186.554623  
3122.195372  
2658.396069  
1149.593142  
210.2694292  
263.9408433  
906.9683399  
446.9890668  
259.4554885  
510.564861  
4298.595977  
116.0902281  
499.347987  
2190.163184  
199.1032237  
1052.212433  
1879.912406  
155.4948209  
1123.743011  
346.429371  
178.7490438  
403.1269348  
256.4504303  
179.0751923  
953.7726626  
1351.8715  
483.0490154  
241.4861042  
170.0037563  
53.91495447  
20.04947352  
18.03202511  
222.7276827  
202.2380433  
1021.099348  
1223.811391  
1964.503188  
1073.05612  
1403.862972  
125.120672  
1050.709036  
172.8068147  
1685.904179  
302.7667604  
1578.00748  
701.2655658  
14.49743645  
197.2107729  
204.5187333  
463.3799382  
9.172398594  
124.3522447  
124.5473207  
192.0594631  
280.3158634  
205.5876308  
1069.916163  
56.35678649  
78.22155423  
191.7799936  
749.9885485  
201.1600344  
460.2741833  
967.22644  
2333.82436  
791.6850559  
182.3368985  
688.9207901  
882.0194558  
352.736615  
905.0325713  
566.1200672  
148.8792311  
29.63425292  
309.5256681  
2164.972391  
509.5896349  
376.5678395  
341.6683536  
877.3803581  
878.6955169  
303.2824207  
2918.698022  
543.2683539  
159.2296373  
366.5717092  
1300.547082  
297.4525804  
21.17101317  
365.8118663  
385.5209178  
928.1345432  
173.0501564  
785.6915836  
46.26785967  
720.7180263  
1237.100475  
895.6399242  
667.1150823  
476.2663067  
420.2185867  
356.2799456  
131.1102804  
1274.095382  
594.3015943  
44.27220041  
450.1791869  
372.7007653  
701.8713444  
382.4501705  
14.46076788  
669.4012849  
1543.121671  
597.7909048  
1370.999738  
2771.933525  
214.9584068  
479.5049906  
810.9186604  
145.0014511  
33.34189262  
121.7215973  
116.3743413  
311.1437262  
321.5776866  
189.92965  
122.5054525  
94.76707111  
91.51238146  
2231.860686  
530.3830229  
197.231369  
203.1844752  
278.1748082  
212.1627683  
706.2819314  
460.8360711  
630.4818722  
606.983207  
160.8482715  
165.9823243  
70.88788709  
137.8765815  
341.7302242  
182.9880912  
650.0497344  
173.5149403  
382.4395478  
495.3435226  
369.0119913  
541.773729  
183.0681615  
95.53681532  
87.53661782  
1326.953629  
1122.500794  
43.57092017  
335.2613465  
214.1978723  
3107.758108  
255.4648608  
403.2721889  
278.1517406  
153.6986278  
251.9888686  
482.4718638  
313.9166476  
17.64453823  
252.0321764  
1317.379991  
87.10068417  
201.8583827  
441.6027353  
1005.878239  
737.6886331  
422.9695365  
496.8071505  
811.554816  
545.6487099  
4490.55854  
847.8017521  
4717.418374  
5860.487752  
2481.952  
1304.157872  
1528.547812  
423.0143301  
417.7330292  
15105.56227  
787.333322  
8719.090247  
33332.92501  
16422.91238  
3512.323456  
16006.12077  
4871.582576  
8016.37062  
50.49597959  
925.2653862  
464.8383453  
344.0681489  
577.2862224  
4469.370454  
1686.746067  
1200.92254  
2823.953992  
266.3828082  
132.4065421  
182.907387  
10.03763719  
55.29129557  
197.8529788  
600.7437019  
1537.236636  
293.4714268  
