119.9041847  
82.2510959  
133.7230917  
2813.411483  
2115.26635  
1814.544656  
125.75857  
1756.326041  
7867.083265  
17988.23219  
13265.73889  
6612.178199  
8866.2786  
936.1048996  
353.6205415  
1119.919927  
327.8037056  
12084.36872  
1206.402856  
1129.757569  
301.6390002  
1033.946353  
770.9034359  
2013.667099  
3789.423892  
4113.075467  
6854.415069  
551.2699322  
837.4310563  
5974.285734  
4779.151371  
4598.29598  
383.2866126  
9177.150513  
12779.36785  
6920.218388  
816.2465914  
336.7417879  
971.0947925  
3237.216528  
1054.896228  
2238.277495  
6929.276305  
4607.506003  
4672.766196  
6829.008577  
3800.741228  
1204.550689  
5358.483781  
1424.254319  
1410.159409  
2656.851535  
4012.02783  
333.1987019  
1213.173857  
6117.304158  
1204.361707  
302.2652601  
1491.943691  
2601.169118  
648.7707751  
578.3820067  
99.76776148  
1750.273136  
58.9268262  
712.7922032  
207.6168181  
1829.729375  
2124.422033  
4833.315497  
1507.962845  
428.7818074  
114.253779  
856.7383353  
1029.017292  
337.5873938  
989.454985  
1278.321643  
1521.543702  
2366.00884  
1096.903464  
3233.88752  
17556.98886  
4960.954586  
1645.842284  
3753.365065  
436.6308394  
668.8856728  
234.4518494  
533.1805049  
807.5867816  
1709.398659  
79.07629885  
49.66401703  
128.5879024  
133.3921923  
345.9611826  
314.4400246  
186.1466446  
489.0621917  
1155.733814  
62.97695554  
1152.611283  
660.4334171  
303.5963986  
246.3034148  
442.876735  
117.5316385  
528.6347135  
1159.768143  
1739.693081  
110.0714171  
617.1645317  
597.6278031  
35.146133  
1296.175021  
241.9347252  
101.2283904  
308.5187684  
1250.424895  
1000.340989  
281.5639493  
666.2968258  
226.3852538  
374.8847216  
1428.242514  
1910.592264  
248.2183627  
199.2027731  
186.4479492  
458.8749761  
650.3241083  
2348.0106  
406.83175  
356.3771806  
1334.712934  
294.2145653  
72.33090894  
671.4090006  
1245.929322  
275.1663158  
276.0416298  
1006.966637  
1961.641136  
3602.803164  
419.5628123  
540.4750163  
1895.798393  
141.8193597  
1125.01941  
142.871382  
1898.395489  
607.6159517  
940.4717923  
994.6960095  
1704.352854  
2058.185257  
603.156303  
656.1098181  
413.4609961  
160.0048855  
718.6478221  
2385.625504  
1195.52258  
389.790447  
266.3838898  
413.264276  
9.580241642  
163.7886603  
705.6290489  
2147.197631  
1287.68026  
473.3341983  
1212.338426  
1568.279188  
1316.075746  
578.4170322  
241.0972784  
0.1275690726  
133.7698153  
1424.693606  
994.7650395  
210.5894508  
76.00609119  
457.2873874  
85.17397447  
855.7852278  
87.05034912  
402.7561905  
205.6066449  
732.0287544  
949.3986571  
546.2882822  
88.5240859  
1008.587154  
63.55580032  
11.11653575  
545.2396037  
1150.878891  
148.7823141  
65.98833866  
667.7938403  
41.69115954  
106.7662539  
79.04972638  
358.8427746  
156.4410996  
168.7777214  
197.7152602  
664.2842908  
824.2694233  
1068.075584  
26.09890128  
219.6315385  
454.2979464  
270.3454871  
384.7424713  
5.470847206  
494.6684622  
61.04548106  
430.7655828  
82.4789931  
49.69468395  
92.15627491  
157.4129096  
480.795052  
630.2933335  
322.8269607  
289.6570991  
704.2619325  
217.7522807  
389.8638615  
796.3680028  
789.0602882  
9.280453512  
302.3146491  
86.63447364  
745.5098684  
684.007166  
1465.811224  
325.8326541  
199.8252568  
34.92049088  
266.2727321  
523.2695031  
55.83189095  
479.2966339  
166.708203  
104.6557843  
520.9491162  
168.7055962  
199.585716  
349.6284808  
217.1739259  
654.3094772  
803.9986475  
380.0688282  
378.8211677  
196.9698479  
1415.463882  
15.26151653  
5562.816622  
2262.200589  
1025.34736  
460.6557368  
598.3823024  
149.1135415  
1373.464957  
8771.189489  
1625.912993  
663.5007141  
15827.35194  
7623.844771  
3734.348296  
5221.685748  
1363.660587  
3604.229754  
17.8676749  
314.9048889  
448.6949558  
571.3099034  
1138.514823  
1005.648639  
349.7989527  
299.6573731  
693.9393986  
364.5062264  
950.6666514  
432.9430617  
734.7074313  
273.4591683  
1532.311697  
350.2311085  
82.76175657  
334.770558  
