281.2772502  
116.0569099  
898.2114929  
463.7674254  
6364.391326  
1227.999824  
2595.973483  
4360.66676  
4296.974941  
7714.069424  
9793.800962  
3322.74909  
4565.915495  
241.9620069  
2691.328553  
33005.97554  
6202.655532  
4033.698153  
4059.643981  
4591.908387  
845.5428202  
5802.318422  
7201.43428  
4592.618954  
21229.10935  
694.4411399  
29363.20552  
7331.146577  
1403.340293  
8057.694623  
8725.803581  
41558.07343  
10902.23018  
8308.2364  
19490.11537  
40080.78233  
18561.26666  
42568.29411  
27848.75627  
11396.729  
58123.40984  
44879.63205  
69380.10571  
51726.819  
17080.54647  
40759.95322  
56193.91952  
44838.51263  
38686.91522  
8978.222187  
12428.83698  
48448.68972  
33225.02061  
9645.795251  
5582.256798  
26327.17777  
38998.57691  
24350.09013  
21352.42565  
16778.6088  
2409.229523  
8535.03993  
3527.048028  
5689.613606  
1634.49336  
29485.12906  
22706.31484  
11452.90274  
6348.404018  
7633.841822  
3530.000117  
7697.548515  
2679.628251  
3211.242758  
16374.21227  
14328.7841  
11037.55225  
11818.57683  
10673.19182  
20987.69881  
15436.14763  
3739.038868  
4966.6695  
3683.442674  
10616.66363  
3479.962636  
444.4045393  
6366.27391  
11195.76899  
1125.298735  
11057.0201  
3317.064937  
446.4031106  
1655.565412  
151.0577568  
8416.927086  
16560.98084  
395.9033218  
5575.102307  
1216.343933  
1180.715246  
4393.65538  
994.9970814  
1409.933381  
2301.285487  
2310.987597  
2614.69516  
3556.354342  
1450.403366  
853.0603014  
2346.944451  
4348.831651  
636.9572869  
3673.978686  
8435.306456  
7098.910208  
2865.893118  
7670.003457  
8795.664321  
5725.099048  
8694.986176  
1516.807794  
131.5151245  
4117.10675  
2807.615679  
2682.860879  
251.1205795  
218.7060882  
2719.323229  
0.3584104002  
999.2300371  
1911.700714  
370.813668  
1892.593843  
2065.485282  
931.5148719  
13838.05466  
12598.69308  
3683.803553  
3786.882568  
3504.934102  
6555.522734  
2984.096085  
3661.306041  
6849.251377  
10305.53768  
5109.315486  
7314.079331  
2244.914702  
1645.123658  
5710.966898  
1026.721789  
1603.362425  
9381.242044  
6097.9676  
5899.773656  
523.4903519  
1071.584609  
1766.493988  
10258.23  
394.88654  
431.9153784  
10778.88702  
1367.958828  
5061.677769  
2017.097057  
329.4530992  
6762.244364  
1145.019525  
10813.98861  
6542.577552  
4254.121676  
2337.886249  
9662.502363  
6543.686019  
4706.310242  
2949.727229  
6266.384745  
5303.600456  
4354.592172  
9064.31204  
3980.296073  
3635.453621  
8872.618007  
10601.25659  
3394.019145  
1998.31591  
2105.195293  
8054.896235  
1902.372486  
1332.584094  
2908.879632  
10209.58244  
3473.373251  
5106.491697  
3020.504442  
341.6616986  
667.8652325  
1706.460831  
2662.78704  
3006.006729  
3192.047232  
19206.93281  
2242.78036  
2162.622291  
17.99247893  
457.036543  
2305.6754  
3900.884657  
959.4549759  
1299.330182  
4761.051428  
3432.786862  
2561.138341  
1907.221931  
1477.499104  
1042.667588  
4803.801382  
951.9210059  
4887.118983  
5311.114635  
4632.146203  
616.9245888  
1096.996721  
123.4394917  
1805.967957  
2057.221965  
458.8803502  
2745.261125  
8579.12277  
8730.87103  
9220.493898  
4416.793838  
1626.650938  
57.38582536  
995.5134301  
623.3616513  
6793.705889  
10477.0161  
26939.6943  
6113.480932  
1422.493433  
1342.049057  
1097.491987  
2245.676533  
4115.064833  
972.5535784  
2018.807196  
7652.089508  
13353.70337  
136.5179328  
4753.086933  
3726.307922  
14865.74609  
4342.037298  
6157.425285  
7745.099016  
18667.37638  
12478.25896  
37687.99157  
3600.57737  
158436.4073  
135479.4367  
76878.35227  
37818.14185  
26165.34024  
22276.99518  
22408.86199  
287839.6177  
18233.44658  
114240.784  
873778.1561  
320805.4744  
70088.76916  
304116.2724  
56337.35186  
117144.9146  
17189.19623  
36858.44309  
26245.11402  
7567.069002  
16655.09726  
65999.12435  
291.103548  
22798.16665  
65051.66295  
9511.923933  
8147.803758  
6985.138309  
2685.442437  
4062.750253  
8097.783319  
5990.958856  
2075.833035  
311.0513144  
