46.47801611  
31.65767417  
71.8058944  
281.4168256  
163.5037099  
59.2290648  
794.6600561  
415.6457402  
1141.739835  
250.548609  
445.0201785  
102.3661581  
923.8810784  
736.8038427  
545.8578081  
1675.92939  
564.3965431  
6247.072381  
183.5304621  
24.30072647  
3113.062143  
867.1043102  
260.2681559  
804.067475  
72.17874668  
113.9046592  
934.8600481  
1799.042774  
37.86508014  
2855.690543  
836.3181667  
2964.543985  
2596.413989  
993.3397026  
1981.685909  
730.2442102  
7421.527532  
2209.273458  
7263.834696  
69.61841747  
115.8564624  
3269.575328  
14474.62184  
160.9634495  
498.7004623  
3223.841564  
1142.384402  
3970.784658  
413.5931968  
131.6600166  
1404.967588  
4025.163226  
878.9438202  
300.1853382  
6.628138619  
1926.832214  
1408.965799  
838.818711  
1900.060561  
477.8303871  
120.8103317  
1019.218829  
1399.225663  
339.3493116  
459.5851707  
1078.988909  
468.5511661  
984.2052567  
1064.946043  
466.6240961  
194.9658707  
168.2439603  
448.4451731  
693.2276102  
883.3923111  
986.7532325  
15.08340852  
106.9086244  
1321.245999  
788.4614706  
414.0645882  
3234.654958  
8364.620495  
2088.389244  
3.549950561  
872.1555186  
755.5375163  
1.30512261  
395.7417878  
22.31602007  
291.4683432  
2307.376983  
144.5700663  
1631.704789  
103.6156929  
1154.817869  
418.3207677  
1666.995527  
117.3403838  
3687.562897  
1227.800567  
296.0208806  
485.1939737  
635.6970914  
56.54998131  
790.0447704  
282.5329112  
1058.449298  
20.33159308  
530.4766764  
533.0875318  
1432.823973  
219.3169192  
1330.315759  
624.1240593  
422.1490243  
623.6543252  
223.2013975  
486.9996546  
588.7968202  
440.8753468  
74.8468763  
1089.041068  
187.3267851  
149.0111284  
133.7129189  
496.0159857  
15.56298035  
353.2834996  
1957.529504  
269.0078044  
385.4242077  
969.447837  
335.95235  
198.1646944  
815.9164879  
34.51848715  
672.657584  
427.40424  
97.83191152  
114.4918189  
535.0330141  
177.107598  
1866.612107  
190.3625427  
1228.613764  
63.78119559  
584.2379194  
874.7302036  
195.0154138  
44.65250841  
720.8572476  
659.2851888  
189.5388045  
133.4646647  
146.5236404  
53.49902168  
296.14484  
134.9048922  
74.67427937  
1673.683779  
2884.281793  
881.8410745  
613.0815887  
1969.090502  
1314.043734  
49.49716343  
1342.533923  
818.8394847  
276.0049725  
375.676984  
50.23201436  
208.5907911  
1420.856199  
157.4460863  
31.04844335  
86.00227815  
369.4385251  
100.1325895  
138.3107655  
45.28750722  
349.5085492  
174.664413  
307.0333577  
105.5177959  
399.874025  
375.3116539  
1425.358522  
118.7657312  
367.1145473  
813.3809316  
34.93521118  
191.2691664  
126.373236  
0.719669643  
688.6038323  
1359.841379  
1818.803764  
846.0166325  
934.8736136  
305.106517  
607.0372965  
408.4402425  
320.6515793  
419.6238597  
216.39663  
412.4902549  
458.1990642  
751.7995903  
571.2371211  
322.9731739  
380.4050316  
628.307067  
130.7861597  
642.9187666  
848.899738  
455.0901039  
5.023053983  
648.953556  
569.2567129  
190.1201068  
840.1736556  
95.77089755  
33.91932824  
67.7481496  
184.9611139  
46.67562839  
273.181982  
348.0576627  
75.99292929  
301.4992412  
258.7731551  
415.2280771  
785.5630494  
23.50104659  
601.3497897  
102.4353028  
591.9381582  
298.9964549  
695.5451875  
105.681763  
61.10557513  
97.26488777  
77.62974103  
224.6628088  
96.76314917  
212.9159654  
321.0119856  
195.2918841  
136.6018566  
583.6098847  
183.0784015  
457.1021692  
223.7753979  
198.5551913  
534.5001474  
230.299476  
84.43314774  
723.6169917  
1441.307839  
56.97659501  
1590.059867  
815.8654972  
711.587154  
275.9424093  
146.8735396  
426.7357227  
672.1051364  
6451.100225  
94.86669691  
1267.836236  
13733.92917  
5759.121872  
2770.959693  
7112.819543  
1580.744927  
1955.399257  
53.97443274  
1082.40917  
589.6598024  
185.0752574  
164.6638656  
2287.830658  
1116.862903  
101.378443  
633.392947  
10.2260842  
81.25516845  
234.7507791  
347.9208889  
86.63756856  
13.30709001  
12.61543849  
318.7247825  
796.8207357  
