215.407574  
184.5144175  
157.9537977  
176.1883253  
321.6570704  
998.7001376  
575.00273  
618.0755793  
76.44614259  
364.8730423  
559.5015683  
577.5583006  
495.3369817  
240.2820498  
9.763599394  
1926.695094  
1402.809223  
669.2000371  
891.9476178  
1120.267879  
1423.357285  
271.8168477  
1966.966769  
1053.043007  
2800.487621  
2042.605062  
181.8368082  
1168.142134  
937.7890964  
360.5625438  
3290.469402  
5288.460747  
698.2755396  
317.982683  
196.063625  
2325.774096  
2529.735284  
4208.775371  
4705.825002  
1677.197162  
5965.814895  
3696.597352  
5805.555372  
2615.493698  
543.1759012  
4799.528398  
2769.621894  
2128.916966  
1717.301455  
628.5441229  
2054.776576  
1961.235951  
210.1135813  
1169.085155  
1212.125473  
158.9848325  
5150.601649  
5257.582504  
846.2306572  
454.6077179  
1842.933532  
409.9032368  
215.6392709  
899.9761428  
174.9081454  
191.7996289  
13.28734381  
2442.642317  
2414.971009  
767.2378762  
866.1662795  
436.5121965  
355.4182386  
1285.598581  
259.6766174  
1808.477544  
1667.033049  
1334.287778  
972.1387593  
1184.889101  
1325.259025  
4657.766937  
2798.714464  
1769.204212  
1322.903887  
1980.473037  
313.050337  
567.586976  
15.57428219  
263.800349  
3634.325453  
608.305393  
793.2581609  
803.8377803  
497.1782611  
260.3609943  
356.5579655  
84.08218046  
271.1315233  
650.2728854  
1007.084227  
365.3703173  
640.3393079  
259.6246122  
238.0480327  
335.5120939  
76.31206122  
205.7112063  
308.261253  
962.493299  
688.6969399  
13.16634773  
907.4084718  
908.2694666  
218.4814718  
98.61763828  
224.5723992  
310.5312876  
1504.771232  
2373.965682  
1700.909991  
61.29445115  
595.6788339  
321.5980047  
1278.24708  
1125.437505  
109.4635246  
308.7207029  
181.5944616  
372.5679044  
385.7487666  
1914.612391  
13.54949726  
1069.938484  
172.9832298  
969.9224311  
144.0136228  
2413.640535  
354.8058016  
913.8535409  
390.1812621  
1662.528359  
2539.952643  
124.8491803  
103.3871544  
970.4315095  
1080.334277  
35.71122572  
440.1463945  
1452.363367  
136.4937945  
197.079367  
157.0889104  
324.5144351  
163.2791426  
2396.225167  
118.9088401  
548.0079884  
611.9634132  
687.7472946  
18.38202629  
1588.485081  
898.6260957  
921.1309455  
516.2416385  
1602.236959  
554.4240174  
793.8310136  
17.16335844  
487.1530466  
1150.363039  
1439.976163  
1422.320443  
1231.114508  
773.2121374  
195.434954  
660.7652636  
49.2393276  
228.4471258  
796.6346577  
636.1889294  
535.5607822  
113.8495638  
563.3101956  
839.4266233  
261.4581038  
731.2024956  
781.0604881  
147.2590083  
170.2760764  
168.9435272  
393.8888355  
1209.305942  
126.5047865  
602.349087  
3177.251044  
12.12758624  
962.1593765  
47.07249526  
48.08209704  
619.4560076  
107.9119008  
118.4843903  
185.9331584  
41.31319972  
537.0296728  
870.4446841  
336.7915849  
13.6383134  
278.9219442  
1545.452051  
826.0525763  
226.1493325  
298.6922678  
887.1972693  
857.9228571  
84.73910132  
557.2411582  
40.86594613  
205.7415524  
145.9402522  
66.83200079  
266.0672064  
287.038333  
178.9782104  
95.96347513  
356.980111  
377.3016448  
427.9058832  
48.82422935  
326.0166449  
463.419865  
206.3280718  
197.6006149  
130.6914869  
294.1803645  
89.82424214  
0.1558507971  
649.1964299  
943.7375129  
121.5903654  
939.8018873  
113.4041303  
147.8642424  
18.88666102  
773.585263  
239.0643492  
119.6258759  
694.8969209  
772.3888825  
125.3758929  
89.27775089  
645.010182  
356.4636966  
181.0541606  
294.9149531  
39.94512562  
697.3693541  
917.6944565  
4066.390627  
110.3786199  
3970.105176  
2845.365038  
633.3273077  
239.3508474  
1096.184791  
1036.393861  
2164.827399  
8769.538057  
23.03353523  
3303.791276  
17835.51642  
12510.49504  
3710.337431  
7184.492733  
2335.124862  
2681.62241  
3.119131817  
551.9605233  
135.1911459  
84.1784316  
142.8576876  
1552.093254  
957.5406104  
661.6064508  
1078.829957  
123.6678352  
234.1088006  
140.6951257  
302.0787426  
273.2712929  
544.2740747  
327.6539977  
715.9912195  
45.13427373  
