17.53972788  
31.45207271  
89.93549545  
233.8330372  
861.2441333  
249.2116762  
420.2966417  
871.8254588  
743.6883299  
282.5071487  
387.3537015  
127.2665041  
1101.193937  
1646.376743  
1357.473104  
10.79995556  
443.1695512  
4114.492067  
1866.716893  
59.81816996  
494.8068019  
768.8058062  
704.6380629  
3193.134382  
551.600749  
59.45683632  
239.2183985  
7205.39846  
1648.979167  
620.3881227  
234.8730125  
5302.44917  
1355.419213  
2953.682485  
721.0352618  
230.5146837  
179.0810608  
804.8785997  
382.9235452  
3772.706927  
3536.127683  
481.6161717  
822.9408795  
375.7675955  
274.6098652  
593.3348132  
681.952064  
1224.048848  
1206.51619  
735.5490884  
2921.816719  
28.58836949  
394.5659344  
1570.843035  
442.2742757  
215.1723286  
182.8770144  
844.5550752  
269.3027773  
574.7986266  
78.04047945  
45.55856558  
527.0202406  
372.4225769  
2509.880904  
361.9288431  
137.67972  
2024.110462  
632.0051048  
585.9987652  
1100.205174  
206.1906471  
1343.586165  
258.8019824  
236.5607559  
621.1297395  
1010.174777  
5205.095131  
476.3844029  
1841.495547  
0.4284528259  
5486.700628  
25122.75883  
9566.568375  
30.55665242  
1606.715639  
188.3813699  
237.5180612  
818.3900954  
1338.569742  
530.3489317  
67.76801192  
1638.765194  
103.4836078  
11.42863912  
1599.19119  
665.8600454  
384.0740337  
2745.747199  
379.5305642  
925.4675974  
2.136379673  
124.7813669  
684.2293659  
660.8551452  
1120.121099  
197.0576781  
773.0936806  
319.691881  
764.2186778  
470.6552917  
261.4926779  
4.00132212  
266.690063  
401.5933781  
285.3628395  
512.5014102  
343.7207883  
364.3520668  
1010.710925  
479.4369058  
1266.073138  
100.7676581  
277.102863  
248.0901641  
26.6176808  
239.4958546  
151.0444355  
162.0537268  
1480.303977  
333.3554514  
577.0521366  
429.2648426  
955.5996954  
278.3387299  
272.4389243  
2176.61345  
283.4990164  
147.6200168  
1674.247282  
79.01283024  
282.9115291  
53.09494479  
18.17683885  
43.53390815  
377.496065  
462.4280252  
533.9712569  
60.76425015  
123.4161918  
18.185578  
58.53348478  
762.5478367  
74.40523933  
233.5429947  
248.7505143  
294.8968358  
110.6418951  
881.7076485  
53.34741842  
897.2238714  
1806.01688  
2470.48439  
398.7003217  
130.4690892  
393.7845593  
959.9316028  
147.0839577  
56.07521095  
138.000608  
946.9553069  
1281.87038  
951.6082117  
134.2551215  
854.1609854  
371.6429919  
781.0611423  
1391.18232  
165.8565255  
417.4441366  
343.5993457  
380.9024745  
61.55042437  
235.1605307  
332.0280411  
983.4242237  
106.3183396  
98.88380793  
1864.096499  
125.1010185  
616.2985758  
32.83718669  
316.1600908  
57.41397246  
371.3112227  
247.3818658  
87.55582506  
128.453855  
110.5828916  
22.65686887  
11.58998859  
239.4163112  
119.6863077  
66.44244423  
470.8306707  
369.9197107  
43.11710634  
378.5437063  
344.9883675  
34.83659289  
45.909751  
127.2995756  
1266.049328  
145.0783682  
488.2263511  
781.9885335  
29.47928346  
438.8075411  
453.1636631  
688.9196364  
63.58440245  
25.28539622  
510.3904568  
283.8657946  
29.29811083  
62.87970815  
170.3037212  
702.9227899  
355.3943906  
500.2527746  
246.3633282  
57.17636964  
60.97867898  
3.210490908  
263.4711616  
150.8565659  
247.5891455  
156.6580053  
24.75511498  
7.428723482  
411.2169104  
13.79772764  
56.43944368  
128.5276428  
397.0875068  
248.0191485  
159.0697122  
3.220162272  
155.3907425  
127.1134571  
241.0960832  
34.42705641  
201.3127076  
27.69604302  
321.4122512  
165.3977689  
24.36095974  
415.0098759  
279.0991621  
382.8211304  
908.3913369  
1902.850071  
915.4835681  
172.0017689  
361.4274811  
74.72231094  
77.79618419  
915.0551933  
1232.932178  
29.97752395  
1677.848734  
5180.202764  
2025.233033  
16.83129276  
2038.119059  
712.9287607  
936.2362254  
531.1527044  
128.5259763  
251.172758  
88.58259743  
66.02937219  
771.4963268  
54.7043632  
1071.409913  
466.9480583  
307.377792  
112.1340531  
115.9904618  
96.53942128  
47.95119961  
170.0802025  
132.6128296  
6.37425226  
710.994897  
