786.2001599  
1303.429111  
576.3734895  
2514.53163  
2683.248448  
4248.085864  
3322.218756  
1038.405175  
436.1267433  
7141.153889  
9156.123229  
863.9663779  
3207.989557  
1660.972791  
144.6100087  
3724.974406  
68.2824748  
6548.710178  
253.3282958  
139.7195787  
1175.109144  
99.11014017  
2883.720123  
647.1849529  
4519.439371  
3137.951118  
140.0828742  
1810.41763  
260.7773232  
4040.193217  
347.1734093  
2060.231798  
265.2142011  
233.817699  
213.0855829  
4754.723351  
118.9754263  
761.9483753  
3006.30059  
388.132978  
989.9266526  
2070.151835  
157.6213179  
1782.66574  
76.42624459  
493.4109666  
358.96044  
1299.225413  
4730.025393  
73.98936272  
329.0941966  
2176.800549  
624.4486422  
1565.825139  
101.3983478  
1000.147779  
1189.459698  
704.4264044  
352.3554241  
599.3461989  
2183.932527  
1134.869648  
234.3215196  
90.10525439  
1275.611897  
1487.765713  
1272.134762  
1431.761265  
1036.96911  
3382.26567  
3718.397291  
166.9881104  
32.72676299  
1635.980723  
2065.860102  
3095.719036  
574.2493206  
610.5858101  
865.1259689  
561.1564058  
1643.427051  
44.1540438  
1023.061126  
1026.091734  
22.29813443  
507.8201753  
634.1341593  
519.2496531  
122.7956823  
638.256987  
1021.346933  
313.7476304  
1806.912636  
37.25716613  
482.0163671  
115.85194  
142.9041971  
645.764921  
229.2389705  
67.12283334  
123.2205637  
295.0619827  
959.1539162  
807.4073077  
1243.908457  
277.9469158  
328.6135655  
481.3639147  
152.8157694  
218.3293421  
671.9007583  
152.4456133  
907.3923172  
1008.967769  
244.954252  
284.159382  
104.6896426  
180.4291165  
40.80517913  
39.81232905  
327.4757374  
953.4539159  
35.4017878  
83.51949381  
191.4461979  
27.74836474  
1148.990219  
351.5726592  
485.8172746  
534.1202563  
334.7985394  
155.6020956  
127.7298362  
646.9693559  
203.4196404  
583.7696621  
453.9280912  
1097.699369  
10.33198811  
701.0318896  
426.7973018  
188.8397756  
2279.200472  
119.8538735  
267.8308765  
674.0420256  
21.70941856  
47.35368758  
213.2107311  
10.98628762  
284.4060557  
338.8929094  
910.5935949  
660.0730212  
515.2525814  
1148.545848  
40.61864927  
404.7667052  
295.709944  
52.82006246  
148.9493354  
150.2126501  
1910.801482  
874.5355019  
279.9871093  
406.1921294  
375.0475317  
774.4327755  
113.9823446  
19.88908251  
69.15638661  
924.4751284  
77.40511667  
217.6931166  
77.94012293  
670.4909322  
1240.269702  
350.1313596  
901.9769138  
14.28827947  
105.6261539  
497.3645801  
519.5594777  
11.05802536  
480.4272342  
294.6755687  
441.6670996  
918.2884565  
201.1069111  
154.0885877  
1089.606239  
535.8662527  
434.9080167  
292.9547018  
168.3292436  
1575.759103  
296.1789906  
788.8608499  
554.1073534  
38.24164044  
470.6628553  
680.3544327  
730.5503666  
484.7542096  
658.7761484  
133.385693  
28.79553866  
284.8694667  
470.8096561  
609.8529375  
508.5544414  
199.9105158  
48.42861866  
338.8275319  
725.1649197  
281.4810343  
167.0609776  
1985.600946  
60.50542568  
1409.909349  
51.32208685  
19.12430816  
305.4385636  
369.1953737  
127.9816328  
305.1659088  
286.4525525  
382.224389  
829.9694884  
402.9757375  
588.7377674  
349.2271945  
1059.715649  
224.05322  
371.6070717  
24.26521153  
248.223748  
720.9252885  
1367.821405  
368.0723545  
553.3157503  
145.3282091  
1200.698399  
1181.540017  
1244.891553  
216.9701054  
124.256319  
247.9357242  
305.1498581  
540.7200674  
7.523483715  
592.2348842  
161.1395014  
614.6016711  
1025.84986  
83.96207157  
6.336806546  
14.71723385  
103.2936469  
3424.888774  
1469.745278  
15531.77999  
6004.049863  
4226.380102  
3749.757486  
2404.161864  
545.1662627  
869.5974668  
18991.82264  
562.6426116  
7369.444804  
50427.82711  
15655.62882  
1713.236231  
13892.87657  
4206.671488  
4419.176335  
388.4086186  
504.6060811  
978.6723596  
796.5055602  
400.8406722  
4006.473328  
527.8152644  
1948.108424  
2431.072196  
171.0016516  
0.6274119284  
68.23601781  
48.86715802  
353.6820834  
254.1971073  
110.4712386  
979.7172423  
909.6948017  
