601.783535  
262.972764  
2.075065538  
1965.403985  
886.2499839  
3.761173968  
10372.38612  
8221.400362  
10452.50157  
2987.69868  
6788.536562  
10249.72754  
18946.18012  
6352.338648  
728.5112811  
12317.38272  
34275.92601  
57393.17505  
3122.720232  
12235.20077  
39594.99491  
23850.10165  
11742.8229  
25041.44685  
47268.21897  
7421.048426  
11799.32552  
36862.34601  
14971.85451  
7913.793769  
96642.87559  
27223.70516  
10720.77259  
49049.45642  
66067.60601  
70770.69688  
28462.88787  
10417.79987  
34860.9946  
1451.549647  
48935.06422  
2488.84885  
4389.659309  
3410.090833  
11584.35479  
7262.050068  
14071.20639  
4536.569787  
4909.035489  
458.0103128  
37.2566111  
6792.235118  
6418.88374  
5136.669262  
3616.750354  
309.3803341  
2286.360924  
272.9396088  
793.0680687  
2903.761045  
2974.979275  
460.1907899  
74.13845357  
420.7343807  
736.2822627  
845.5069167  
267.4815997  
613.1935216  
1545.680135  
797.9320326  
296.7373599  
5340.574375  
1112.387048  
18.10809301  
1392.186198  
1426.267753  
257.4270587  
277.8623105  
1216.939159  
67.59731032  
1941.366195  
2053.766932  
1586.989927  
699.0559746  
60.12428664  
1691.316296  
1520.544395  
510.0541075  
364.7496577  
19.32079421  
1197.548715  
28.03801894  
389.1485511  
154.4676721  
70.5521723  
302.1129456  
280.6160349  
2638.677226  
1994.054805  
92.48250021  
1637.250017  
1796.098328  
89.53230377  
683.3435695  
240.3916106  
848.7011169  
713.1207182  
489.2734513  
154.3017773  
2252.466314  
78.58228963  
244.0699292  
485.9956844  
165.0617622  
806.740743  
314.3236341  
15.95798841  
312.2866348  
1258.158229  
272.2435929  
3.841360423  
542.6780884  
323.2666945  
386.9098991  
49.75201276  
173.3031369  
600.8549868  
544.3228931  
83.61000614  
628.5446726  
445.146053  
12.32565235  
328.0899525  
392.7742598  
142.64539  
490.5423113  
396.9336247  
28.63625194  
91.52841716  
37.00930682  
46.28984457  
48.81287974  
1194.239468  
129.6534291  
1116.401008  
33.22971482  
178.6113327  
49.71987027  
327.246114  
616.0633315  
759.7356175  
179.4874718  
325.2264152  
772.8309845  
114.7594769  
29.49705113  
409.0806254  
221.6563218  
143.8819617  
65.9242999  
317.6102382  
654.2135977  
597.4646646  
17.38351854  
378.1782651  
331.3468738  
136.9935929  
149.70652  
0.291218007  
223.5612536  
307.742252  
378.1857946  
338.943282  
95.37471791  
391.2680354  
88.51488438  
126.5556902  
130.1859284  
450.36728  
435.2301651  
517.2548814  
44.55472535  
184.7468689  
546.8985011  
283.4323765  
50.36218021  
69.53875745  
5.05687875  
248.5465477  
497.6145368  
516.3057558  
172.644809  
545.6198898  
92.92863333  
586.8198418  
166.9815209  
25.74963063  
265.3258933  
73.24982384  
169.8713274  
97.18076723  
354.3440644  
55.37172175  
21.31651327  
42.43461164  
373.975311  
165.9213603  
101.1424889  
13.98508148  
109.2813025  
69.07880665  
109.6231149  
1223.926932  
154.4608887  
899.5050032  
170.9938826  
2.674101477  
276.5302061  
305.6920553  
159.6440815  
306.0156001  
341.2279769  
192.981021  
5.048630798  
161.0824116  
22.26598765  
1140.057588  
892.0529364  
673.5895224  
166.0866441  
393.5531429  
4.803142689  
50.61888305  
263.1123407  
7.590271051  
106.0315507  
306.1863663  
31.96140837  
12.98662386  
990.1967092  
600.907579  
290.8324529  
24.92630309  
32.32112847  
184.5045029  
265.0341973  
586.2169529  
85.43547942  
172.7282586  
693.93902  
85.94438474  
74.8270749  
289.4256549  
479.257738  
245.0303146  
432.4222553  
180.9055122  
745.1976897  
1.960506686  
584.090525  
713.6521948  
1652.185642  
1237.214534  
1067.678076  
649.9472847  
25.94782039  
604.9861884  
1052.556453  
4365.802364  
250.2856173  
1452.955108  
10260.05349  
6104.063028  
1359.133208  
3206.976578  
938.0992347  
1647.483931  
82.98247249  
602.1980367  
1236.007934  
92.65118018  
122.50654  
969.5554824  
88.04608525  
524.5920107  
342.2019487  
103.2723212  
419.7494742  
361.0869778  
138.7892727  
155.4043234  
156.8391365  
249.1459132  
171.8071106  
47.64140255  
