4.334406499  
1.367596924  
4.127304737  
515.6493088  
94.01124934  
670.9081361  
156.4955139  
231.2809659  
1856.137486  
341.5790296  
327.3373457  
128.8852938  
1405.712642  
1062.216991  
1672.702518  
1225.525295  
1156.905874  
766.1233031  
874.2563657  
111.0603537  
1339.656421  
203.6763422  
508.3166754  
648.8236657  
4.382268945  
2360.166174  
436.8394766  
361.6407532  
715.51944  
663.8050241  
1060.548446  
1035.69442  
1589.948692  
635.0616292  
1300.381405  
981.4997155  
3624.362425  
1808.784212  
1711.90427  
131.9593394  
250.5427627  
136.7146254  
1069.59437  
568.8079821  
72.67573654  
227.4496801  
15.87242184  
343.4273944  
1614.618274  
27.01142395  
440.4192378  
553.882112  
215.7211424  
1356.230012  
414.5300131  
737.4928672  
4.88771372  
29.82525642  
142.7997028  
2500.738333  
1049.497312  
56.70226543  
1268.184107  
756.742859  
168.6468459  
723.1695399  
497.4648295  
198.2244662  
1688.573927  
354.9140104  
71.49283  
86.19670007  
326.4775758  
478.4580318  
607.6862363  
152.9413669  
17.12411764  
255.8925844  
91.3756397  
421.6802756  
400.7789656  
5230.619373  
7775.868138  
2520.758861  
170.0607325  
460.0123112  
425.7198319  
1375.78676  
2378.644183  
697.6830789  
700.125744  
205.3154506  
1343.138582  
1608.6202  
684.6663433  
31.62031506  
434.2943719  
519.8186807  
84.42296538  
211.6438784  
374.3335594  
102.7098358  
2742.672046  
278.2546699  
258.1103299  
309.9064578  
821.4464978  
131.4717566  
473.3670349  
290.8145163  
627.1642675  
148.3837539  
348.8356662  
44.83384775  
161.3238296  
2422.096884  
952.6160485  
70.87364468  
524.6120929  
233.1477976  
771.7765016  
196.2689908  
1475.355686  
1229.565321  
1143.942061  
1490.124618  
472.389164  
854.3230518  
89.54451091  
21.35554839  
376.0605674  
509.6686128  
872.8909474  
925.48443  
2262.433145  
81.29499482  
79.7705215  
602.4841166  
702.0865337  
2245.709022  
277.0868357  
1688.428777  
515.1809317  
83.97474143  
834.8246252  
432.0677133  
213.9434  
624.1079072  
281.3437531  
100.7101038  
230.8283405  
651.0331985  
1060.71736  
187.5060974  
512.4117235  
308.8021145  
924.7685116  
765.501689  
354.037518  
370.484955  
422.5410449  
3563.132015  
5072.600582  
1014.512414  
217.435368  
2742.488512  
1145.355749  
13.80737524  
1401.248301  
473.7566324  
141.4535492  
908.5053573  
2405.272803  
1403.058177  
1370.322377  
196.8672476  
132.5473052  
356.1243418  
292.5032812  
975.6693676  
186.5271617  
297.6304049  
504.9158291  
1945.24658  
646.9177829  
239.1568295  
768.3232706  
314.351024  
1043.756554  
543.0776966  
343.2025168  
567.2166729  
1548.627217  
549.2240654  
1109.395877  
473.3794081  
757.5550204  
1.658337986  
194.9288404  
100.4481803  
65.39290337  
286.1494526  
833.884372  
333.0435547  
417.7255561  
415.4534139  
218.1133178  
126.1948985  
91.44283002  
0.7254142807  
249.449999  
184.7125347  
1324.191602  
142.6106136  
306.6502217  
84.58105207  
239.6894063  
85.11811594  
285.6883996  
358.2001481  
126.5791535  
43.07055515  
129.6209689  
355.7488192  
85.10654173  
404.1089503  
99.38645648  
2.479042169  
227.2404115  
81.94784696  
235.5774833  
12.66089126  
276.7848337  
227.7895827  
191.2520956  
380.9113935  
118.2462703  
1106.857234  
103.0782079  
50.75084531  
48.78558944  
175.6164645  
20.58442664  
494.2677817  
525.9625753  
689.5457642  
56.94691711  
85.29003046  
92.28662281  
464.9907447  
355.326286  
26.27946959  
80.78890698  
542.0665758  
332.8099543  
643.3688817  
77.32830664  
1201.305991  
179.5923661  
116.6693485  
136.5982973  
196.0411237  
524.357052  
204.8112304  
27.62997168  
46.3876947  
413.4736288  
20.78422104  
1012.62567  
302.640102  
463.739658  
449.0529697  
1601.472679  
2201.553823  
481.789044  
793.4942879  
1619.439964  
361.7260785  
64.93001577  
206.3493011  
113.8735128  
649.9334393  
184.6015404  
9.872112638  
73.09069445  
124.5851391  
409.1530093  
402.5059119  
854.8044113  
270.2761469  
72.49923193  
2.091356975  
84.33206473  
10.42493489  
1262.175589  
