158.2283951  
359.1548747  
200.6503427  
569.809113  
1432.496195  
597.5543379  
2039.476946  
4403.208017  
398.4539793  
124.0172123  
5448.835169  
1007.49303  
328.293914  
3462.785904  
3338.357651  
2835.247547  
964.2905781  
3263.44963  
882.5542711  
5225.151445  
10347.99387  
12915.7659  
1110.516868  
3177.451025  
2370.338104  
2780.461322  
1067.244049  
2341.693931  
3743.233859  
4674.048207  
10355.4524  
3959.565776  
1665.320754  
267.3193741  
5990.543728  
13155.38475  
1184.224742  
924.7756088  
9242.655402  
2220.812325  
9308.56568  
1.730628445  
685.1022206  
10710.24061  
1607.505165  
658.3022062  
3139.261343  
6001.200622  
9358.282358  
239.1597253  
252.6583713  
253.7646609  
205.6917566  
3810.079654  
430.4653162  
1185.12779  
2986.664129  
1118.328764  
92.73307002  
476.6378533  
988.335223  
1046.677153  
428.8302397  
2198.997857  
624.2219013  
509.1543435  
1792.859122  
1064.305419  
2417.577162  
1226.009065  
1573.564884  
1344.896751  
354.7208684  
2891.664546  
4040.954621  
2536.962247  
1494.316671  
1944.947007  
749.1899764  
681.0441605  
260.9278987  
1154.724155  
1428.100063  
1608.479933  
15.64556766  
538.0375352  
464.9749668  
1532.267395  
458.0987201  
958.286796  
299.3956671  
145.7539836  
378.2159414  
939.3180451  
540.5448181  
208.2737422  
592.2904122  
27.87767836  
149.4899869  
256.5187288  
671.2602548  
847.316279  
254.7547207  
62.24631139  
37.50220461  
444.6823906  
330.5196601  
2.869983876  
450.0924688  
769.3270567  
213.1237103  
113.3853763  
197.9944731  
497.7700259  
1509.622354  
729.1886166  
503.8219482  
126.8221823  
214.8425307  
1015.762321  
458.5540646  
446.9044112  
366.7805373  
150.6418045  
57.47439207  
51.82144699  
433.7518571  
258.712345  
1102.138352  
258.2759854  
1401.366472  
627.1839308  
1018.739938  
1114.224551  
444.3101656  
1133.367158  
552.8514881  
1350.161794  
20.33225775  
432.4127766  
254.7917539  
154.863866  
592.241487  
682.9487068  
989.0543549  
799.7017048  
550.165732  
2296.054255  
1594.859564  
896.4394915  
1026.513053  
888.1461193  
1326.339403  
120.8161654  
2037.321561  
85.8153728  
51.61138922  
523.0091437  
580.6080181  
789.3460789  
46.77611241  
145.69019  
1181.441371  
332.0266401  
664.0432762  
129.9425275  
320.2253668  
624.2271264  
74.35668555  
1112.6  
70.67402689  
889.301773  
36.2864589  
20.97284053  
834.4013783  
689.6555837  
2745.464928  
310.2579348  
136.9051495  
272.6837014  
289.0366482  
87.15211062  
1424.15462  
618.5174468  
409.2345943  
138.6536873  
67.92067541  
621.5318734  
179.7543277  
1426.709956  
798.5440362  
793.8632924  
2369.858069  
605.0168588  
443.5711004  
632.5921158  
252.7911181  
0.05517417574  
585.2174635  
6.027267407  
59.81330584  
14.44158779  
98.26847725  
313.7617982  
35.58853644  
812.9196618  
46.73412497  
99.20813983  
255.9202675  
816.0558454  
347.3445581  
45.52339259  
36.57468743  
261.1796455  
595.5647338  
47.59228367  
433.4253428  
295.6634004  
105.5566323  
80.0295749  
54.88755901  
463.7832192  
104.0670634  
431.728015  
127.7230069  
640.57992  
1128.9028  
174.5795002  
16.42009149  
50.29208764  
208.6911309  
298.8190277  
181.5749921  
34.08932048  
276.8809415  
1747.936464  
492.9972478  
49.88013214  
916.8927885  
48.13676827  
1213.389591  
678.6391915  
54.48643388  
226.703004  
170.5532227  
161.010006  
117.9118904  
37.05624463  
609.46346  
103.3155111  
103.373189  
166.37157  
224.1603914  
552.1373387  
125.4985468  
123.8453997  
430.9713239  
86.71914363  
62.42257457  
132.8349783  
288.4046184  
322.1384825  
474.5559205  
1481.215771  
577.9688844  
762.9412592  
825.0985534  
240.0153224  
123.3049505  
12.64132228  
54.90420641  
3103.380759  
1503.426173  
201.7776689  
288.1601679  
322.4377199  
4.30008651  
643.0363954  
237.6397435  
155.7315148  
257.6844578  
50.81459912  
67.77359803  
19.10850299  
288.1899528  
75.12790614  
40.89887675  
290.0930426  
49.33996176  
7.789930504  
76.71640336  
21.33539075  
55.86946035  
174.189955  
16.20364222  
