11.0773318  
131.2676021  
28.25933435  
850.8077191  
51.72564615  
96.80731382  
1285.552445  
236.2471716  
768.9465706  
1370.440417  
2631.123322  
4162.495042  
773.9833595  
3430.842193  
1165.663628  
2303.056752  
2925.925112  
2503.529122  
724.6585651  
1990.951504  
273.6031367  
2037.607902  
1291.07239  
2972.470953  
7151.267333  
1189.298294  
1228.411887  
3426.216463  
941.8948412  
5511.197513  
5089.942069  
1734.793923  
4685.571309  
3608.610315  
9086.144841  
10026.87896  
7931.429168  
5616.828829  
1024.145086  
2462.1729  
1618.436058  
82.23104203  
4579.974589  
4901.811411  
5154.912522  
781.2167041  
1320.537697  
2437.540522  
1682.525218  
5721.991949  
2556.783421  
658.2922009  
1313.50608  
828.7833724  
3195.509035  
4120.139307  
70.74939934  
3261.568712  
426.8626667  
1961.724579  
1564.676897  
999.9604268  
146.2727695  
3031.709477  
2891.954708  
871.7073105  
3711.370228  
1703.819357  
426.7784594  
2511.383025  
33.83796295  
964.2259587  
990.8708662  
581.6264225  
3648.956429  
3977.760308  
919.83322  
2299.321971  
1238.096087  
134.2962393  
43.32890802  
9876.892136  
13537.81922  
10407.23586  
1926.373609  
223.9570446  
1578.847869  
2616.379693  
2112.946273  
2822.886757  
2870.969432  
819.5924773  
404.9250418  
265.8518205  
574.3183325  
336.3736901  
446.6684457  
438.4655926  
372.4869432  
148.8005638  
225.972338  
812.3800439  
3038.96006  
37.80511758  
1196.964965  
1766.209124  
1538.096548  
1216.79578  
474.0707577  
299.3017898  
137.0945982  
1140.868214  
858.9596169  
579.2633062  
239.2849465  
1349.295701  
81.70940507  
64.34776716  
140.983386  
431.95001  
3.446342184  
528.8061203  
435.0000575  
46.61794843  
440.331485  
15.46194511  
58.4380885  
383.2083584  
959.4994981  
1080.638249  
696.3780665  
56.62352606  
275.2975345  
147.3639113  
157.173593  
438.130718  
151.0536748  
674.2598736  
1062.164541  
1800.44693  
92.41329357  
161.2119019  
768.6770012  
234.5190749  
89.79854364  
498.5750722  
776.193917  
852.9723191  
26.61915622  
1357.921399  
1137.39602  
302.2613504  
1660.531556  
1076.456468  
79.35656734  
143.5085477  
745.0378444  
645.6418592  
681.5901826  
62.20729976  
121.0597127  
533.718222  
67.21867896  
390.4520891  
1222.05179  
224.1438526  
252.6309209  
345.6672632  
245.004936  
327.0124508  
36.1638093  
1434.510451  
1818.858104  
115.6526342  
26.31095408  
162.9162988  
165.388888  
64.90608954  
44.92898155  
161.6399684  
48.52774757  
244.7543127  
191.8480786  
162.9347129  
49.21853612  
148.5271866  
208.0742464  
447.0009201  
295.5740826  
630.1920976  
20.65897174  
7.747596663  
399.1393519  
10.48521751  
130.9800106  
242.0379268  
198.5733672  
130.5387785  
322.8446618  
166.6274378  
9.230067834  
515.7404464  
403.4256508  
289.7727572  
9.743176115  
142.7043503  
267.3307609  
191.1699175  
193.9412641  
9.105576089  
39.36810194  
3.674243568  
78.02884706  
587.5455168  
119.6020625  
50.51668264  
338.205735  
369.8052161  
587.2690026  
3.130414656  
42.9219199  
17.89269651  
258.2534485  
548.0261147  
295.6937322  
6.287281567  
35.71775251  
267.4075285  
351.6951323  
143.7795051  
334.2052536  
96.92454968  
864.2396964  
46.51254932  
136.418874  
407.8235288  
79.85252585  
98.3083629  
80.97263437  
29.57303688  
144.843368  
31.70968768  
369.7351221  
117.4769016  
150.735856  
201.6819168  
95.64572154  
3.728564663  
341.9713721  
146.405444  
76.75330616  
47.58771918  
29.67480347  
167.7336003  
235.7652999  
50.58786493  
134.2244794  
339.6475816  
38.15403075  
1257.184805  
57.60676168  
1177.72127  
1048.254553  
363.7350052  
34.70068573  
56.68700188  
0.6285007889  
243.4692075  
1735.649035  
533.872425  
1260.218103  
4751.942722  
2753.712318  
1208.4282  
2514.550883  
1325.164653  
737.2047632  
37.38479501  
72.41254994  
132.1624873  
45.61776724  
604.6237826  
79.49231431  
184.0955539  
259.3053908  
331.879442  
174.1883535  
375.2665672  
93.28079848  
151.9934288  
91.65145623  
16.78734981  
448.337542  
18.71843805  
76.72331557  
