87.10211949  
19.63591427  
7.471610781  
1008.849576  
603.8021963  
513.0469104  
855.3147436  
69.94543006  
29.42701073  
5030.06734  
1298.079657  
48.76042576  
271.4297378  
46.10586416  
85.94956845  
329.7550028  
30.90224322  
3203.530097  
221.088256  
721.9744637  
1250.013723  
660.5437843  
1743.877494  
719.6962366  
895.8689948  
874.8445121  
541.7337021  
1005.528295  
2180.452622  
4130.22126  
1292.110184  
4574.639963  
864.4634072  
468.5240807  
2786.331282  
1779.799216  
509.7637933  
1763.590509  
210.0942676  
111.0923286  
4969.138511  
789.3522902  
941.8766133  
1561.052668  
7.076907359  
4428.395855  
3386.559245  
778.7662532  
4551.238009  
21.15590635  
140.2536252  
1689.896354  
715.7218325  
628.780238  
3758.914223  
744.4379869  
455.0160029  
1516.29325  
735.20214  
940.9937781  
1130.34804  
117.9658509  
635.5265501  
316.7737615  
661.1065831  
326.2807166  
1796.690323  
271.1153103  
114.7758964  
1628.081622  
35.30961933  
96.15079397  
407.9375241  
1387.057548  
1044.136263  
182.8780074  
241.9412253  
134.1112113  
163.8068459  
426.6840152  
332.6873896  
6025.303959  
3505.073561  
1236.316432  
1731.94951  
421.5010205  
515.6446672  
356.6329386  
811.9002771  
491.0740676  
1793.696778  
36.38698836  
382.5538169  
1631.527821  
285.7775477  
105.0542219  
1.917949815  
885.9340939  
513.89822  
470.7008498  
24.42061536  
3.806616171  
844.9686071  
79.97549402  
811.6005972  
895.4533192  
3048.436873  
44.37631159  
2.589694324  
211.9707161  
124.382917  
39.16990464  
3022.87056  
230.40896  
170.8555367  
607.5935516  
258.8690846  
146.4830414  
103.5670788  
650.6738426  
113.517654  
924.2726645  
843.4284365  
458.603542  
1706.803391  
468.1750372  
401.5908012  
120.1105423  
1131.338388  
1524.424712  
17.45366922  
285.0879791  
456.2066688  
755.7659765  
349.5708284  
696.4021206  
32.29835314  
77.37942834  
1205.100281  
680.6931164  
419.150269  
450.9451025  
104.0961439  
1342.045642  
578.6471668  
1359.401696  
642.1335791  
150.5345826  
917.9879468  
514.7992924  
1267.906501  
1244.967568  
297.9777073  
286.7424472  
1424.77724  
60.44559012  
83.89628871  
202.1470426  
99.09981365  
76.85738481  
17.77347237  
1096.358546  
1202.971341  
291.5062725  
1020.761925  
204.0913949  
3662.96468  
405.4977963  
662.9917264  
775.9086194  
2940.03705  
917.9881877  
22.82184406  
351.8822708  
97.60308045  
346.9185161  
215.9973784  
209.7928323  
177.2670437  
69.37985632  
896.5798556  
816.165885  
632.2847423  
1448.506053  
1162.112771  
533.8545731  
101.4678096  
582.3383781  
515.9643893  
29.18509361  
48.09417685  
268.2796723  
538.117721  
571.1391794  
1307.852401  
815.3946173  
1.033199695  
130.6011732  
246.423009  
213.277128  
427.6773622  
600.743734  
43.17485015  
172.4301903  
157.3569872  
141.9847134  
86.24154004  
267.6877012  
721.0442422  
165.2329191  
14.50590554  
412.6684154  
416.2343773  
66.06299169  
154.0534547  
147.3245851  
426.2724314  
13.045898  
479.623597  
398.4965019  
1007.790805  
62.09167862  
124.2289249  
41.61104006  
76.40073915  
544.438548  
286.0928589  
15.01617841  
557.5631188  
1210.444671  
1177.473766  
213.3711658  
295.8100696  
313.9702991  
986.3100479  
511.9005574  
175.5909794  
905.5423573  
573.9995984  
980.4444389  
240.6928785  
615.2099872  
521.8841021  
110.6191217  
617.3032156  
477.5524031  
4.537950752  
207.9465999  
1020.841547  
374.7959257  
454.2057011  
237.2689821  
282.8592314  
478.6957256  
580.4839653  
73.23030453  
613.3500757  
1745.509578  
1650.277249  
3633.302927  
1029.073608  
7372.817534  
3906.189359  
1159.195218  
258.3320407  
1092.904969  
418.3563341  
1774.50967  
9977.372376  
2810.82842  
3155.631999  
21034.36713  
12085.51796  
3128.455692  
8890.207747  
2758.347182  
3748.60602  
64.61720631  
348.1778606  
915.4832612  
3.952192958  
1019.057899  
1287.8605  
17.57537906  
315.6356175  
1056.91098  
303.5493754  
670.5254381  
219.7762614  
185.5222991  
59.17036167  
6.221552612  
164.8633404  
137.540978  
212.783096  
