0.7177073655  
47.22969565  
101.2333594  
340.5207858  
175.1231311  
348.003146  
248.7644071  
598.7945171  
845.3685567  
1008.201221  
3359.155107  
1098.551504  
3446.003322  
1977.314241  
2772.119605  
96.43938864  
992.3883749  
1502.410419  
306.2311677  
1554.471201  
3976.569452  
4354.21311  
698.3426966  
201.1460161  
1454.026279  
335.2863613  
789.4259348  
91.29573892  
407.4447234  
134.559284  
4423.965489  
4100.37313  
90.81940816  
2823.76063  
422.3230571  
2656.71531  
112.547745  
2365.847784  
413.3178681  
1231.863143  
9138.86865  
1183.827595  
1930.732743  
3022.819919  
828.9497707  
3910.635747  
882.9166597  
3299.439596  
6154.15851  
251.897278  
3984.915806  
3401.4805  
313.6801272  
361.4437121  
621.0308109  
1359.011033  
3621.808633  
1053.87851  
1283.346656  
2002.072883  
1690.775181  
486.9381865  
422.6753911  
471.5352943  
139.1424013  
1223.799622  
2040.233433  
1849.69772  
1228.01425  
303.9909997  
339.3560204  
1568.524927  
888.6934005  
4103.781402  
1470.54304  
984.1674649  
50.94759861  
1686.775629  
793.8857441  
3026.295688  
237.7549704  
9588.526737  
9539.313209  
3689.809441  
1256.19226  
297.3741462  
175.2925315  
67.42439963  
470.5605864  
1172.777237  
178.8969009  
795.3082874  
2032.624085  
105.1258176  
3405.30564  
314.8219932  
681.6709522  
508.453389  
1449.957798  
119.1833763  
747.463613  
937.2676607  
346.6357714  
10.2613629  
862.4170873  
645.7941747  
123.8502792  
1504.374965  
945.6171614  
239.3670431  
558.7205646  
1146.63441  
1762.803025  
404.3112326  
98.77064975  
639.911321  
1691.219758  
116.9138757  
49.07308535  
568.5379389  
315.7913689  
24.35676572  
1088.684294  
1538.264339  
397.2728451  
327.4074329  
180.4900807  
211.32092  
493.8837547  
333.0768603  
417.670245  
122.470691  
571.303045  
472.4183841  
616.6515401  
1183.946266  
49.95620655  
772.8153469  
794.919413  
170.7271283  
565.4176484  
2802.021588  
255.5165905  
1134.384885  
1313.695665  
167.7107345  
342.0275574  
337.3114759  
831.8159209  
179.2118357  
227.2341386  
1155.400311  
440.2757945  
5.309477128  
1154.747742  
44.74372854  
229.7410541  
885.5244077  
354.8741474  
97.64271804  
483.2892362  
1167.331323  
1396.504282  
366.8238062  
894.5822601  
1289.844205  
231.1569005  
326.992028  
171.4611492  
113.9122185  
106.3394716  
1438.124432  
1103.516299  
2135.490411  
1677.436716  
1237.988641  
235.2278208  
620.6599295  
460.7870275  
195.1208139  
624.0674791  
888.8521528  
113.1809076  
1127.362624  
300.2702219  
233.4427553  
746.8147844  
2121.015604  
494.8685788  
470.6913141  
40.20071485  
936.1166934  
368.1552123  
558.2618347  
1074.175368  
304.2537336  
1234.830304  
22.18486859  
1474.491935  
474.6104222  
640.477457  
540.7874045  
819.8247931  
246.8918788  
41.25313091  
429.2083182  
1431.972879  
444.0087045  
76.32046432  
625.703134  
137.0830706  
525.8154407  
995.6368682  
747.2702661  
539.7560652  
147.4658402  
212.789239  
464.3688997  
283.4470213  
795.2459498  
498.3088295  
285.1728241  
31.80332718  
622.9592725  
296.8567493  
220.5079905  
61.66696802  
594.6467858  
24.85565571  
1374.380836  
1987.578308  
237.8894628  
1098.970323  
261.6840709  
202.6476512  
564.8936404  
752.32102  
78.48028916  
159.8105459  
190.3694253  
21.19810861  
1248.65958  
794.0748972  
67.71497566  
125.3207749  
111.5071299  
34.77521859  
91.89082604  
198.3696394  
195.3299352  
78.57156346  
46.56417467  
39.92214523  
26.86183564  
190.7586118  
425.1367519  
120.9766803  
40.64835555  
349.4484178  
249.3732761  
106.1558935  
352.7864021  
932.562166  
78.04976652  
496.8561745  
29.34774299  
239.2370494  
711.8661904  
87.96645982  
148.2719953  
887.7988386  
849.3342623  
41.8147818  
351.760064  
336.3834193  
162.968068  
741.8404126  
155.4797477  
334.2508749  
129.4617786  
84.00304713  
154.3468595  
189.2433455  
292.7226715  
66.2810825  
25.22180525  
93.30512659  
135.9852376  
447.7966806  
242.4965447  
294.167156  
38.79714786  
8.188165764  
7.107359502  
366.3100085  
