87.21548158  
27.3438906  
70.43928526  
64.63071394  
32.52293858  
106.982536  
371.1344131  
695.2559976  
473.9860857  
1175.864179  
306.4317628  
707.4567565  
2174.95564  
641.5548133  
1030.219487  
702.3238595  
213.6757762  
2470.296902  
236.7472069  
1605.574794  
262.7601131  
747.1067382  
1132.244211  
866.6474008  
4376.32511  
163.943972  
2559.71394  
1859.125605  
427.5016007  
612.556213  
3184.633421  
1334.373365  
1353.035119  
498.6990088  
983.9642301  
3181.723696  
38.44246926  
1065.265854  
509.773558  
757.4960158  
788.2410869  
303.0804577  
96.52845153  
258.8573439  
1111.872015  
1055.156572  
386.6888574  
3120.729814  
519.8715379  
1350.115597  
960.5523143  
1081.369644  
1595.203574  
161.2482337  
2170.538918  
383.4611128  
1863.849017  
209.9944546  
494.0227586  
1346.114653  
60.00457467  
897.8905449  
2457.194203  
1140.14015  
263.3324544  
505.8236009  
480.6358453  
639.3956326  
13.67263262  
736.0174126  
664.8402136  
1159.626473  
982.2572473  
530.7046405  
375.5162763  
3134.772502  
754.7074024  
1496.983441  
428.428734  
7.792800782  
82.56875671  
1044.258171  
6032.764491  
2870.897494  
708.0186147  
917.7114016  
811.2132846  
344.0947732  
1104.60817  
835.0901445  
611.225491  
476.3015443  
167.8522976  
287.6964013  
447.2076325  
20.64047306  
677.8129479  
2298.388923  
408.2236313  
747.3175289  
628.6331166  
188.069109  
19.94519718  
76.62049314  
656.4423654  
2154.188912  
1184.542292  
1213.466842  
896.1111592  
695.0162572  
1439.07251  
136.7929247  
716.4431935  
393.6776976  
77.3719912  
700.6236764  
433.4666987  
461.8144991  
23.75852824  
125.2008072  
200.8335161  
272.0000314  
334.9666984  
395.3999774  
73.17182519  
119.3568478  
267.251658  
235.0538815  
645.9871485  
531.6372202  
773.769918  
63.7420011  
125.0276359  
162.1939457  
129.7358637  
125.2626072  
481.341127  
34.30351779  
3.373229983  
281.9816409  
531.5231983  
201.0583194  
3900.936918  
270.6674314  
926.4278656  
632.5152912  
444.0465516  
130.612864  
374.8751953  
81.10919917  
719.8786446  
728.0140697  
298.3224644  
416.1517298  
495.5658623  
78.64770633  
289.7601363  
71.69264761  
299.2585144  
430.3738911  
156.6085129  
366.6977124  
1992.15539  
688.4271602  
361.7864375  
997.0000145  
253.0765136  
2680.737785  
344.5254839  
878.8041915  
571.5135194  
1388.811027  
844.7613531  
227.0272744  
655.0766434  
87.76655524  
385.7351676  
946.4008504  
174.6987782  
663.1212433  
56.31361935  
322.5513992  
1389.593362  
1249.34524  
488.3001468  
350.797681  
130.5517237  
35.55079909  
981.5280128  
193.9185304  
633.4190168  
877.2976162  
2088.693565  
545.7042129  
447.5421748  
38.96407029  
551.554956  
502.9910795  
50.72384082  
1088.496173  
1326.890833  
554.0577318  
947.8637191  
150.9286717  
764.2465303  
26.05471318  
84.84516941  
206.6808451  
245.261104  
239.6286998  
94.62384226  
272.9442528  
168.6859962  
72.93458198  
4279.193829  
38.38925656  
216.9709394  
897.279292  
255.412032  
587.4384587  
1909.486257  
11.08460872  
128.9729411  
74.66354852  
1329.847614  
42.24843317  
96.70761142  
305.4684081  
567.8798128  
18.45872002  
167.8028447  
81.41075864  
824.4006644  
575.6376873  
27.6658859  
221.0647322  
95.2016257  
312.251131  
151.7238958  
48.63571757  
594.8368783  
391.323623  
548.4977402  
376.0693258  
231.8865048  
83.49932699  
193.0128266  
272.2758347  
795.5241981  
347.8516847  
564.7220915  
371.3637167  
538.0017405  
657.0975626  
15.81757505  
963.844575  
39.93993425  
111.8677247  
199.5149734  
250.8965368  
10.82021081  
294.1438077  
779.1082007  
413.518351  
85.1785405  
15.7551169  
408.9922029  
29.88283496  
1859.455118  
224.7182608  
306.0327756  
2768.644493  
1959.304629  
88.18590438  
1185.394453  
967.6382939  
1455.395168  
169.4308268  
58.30810396  
575.2327266  
278.7086027  
29.82833226  
119.6464125  
249.3541956  
9.082948326  
344.2006152  
496.1554704  
45.83578599  
460.2958211  
141.1956422  
152.890259  
423.1528551  
215.8939862  
678.3991769  
764.8211883  
