1.643808705  
62.0022778  
65.5479556  
403.1314673  
515.8327933  
46.67132229  
612.3473062  
1407.452725  
170.8488315  
2360.344635  
1732.070988  
51.34551789  
336.3645632  
1092.804283  
1927.688088  
434.042903  
2049.492893  
1415.470397  
223.8212067  
96.65238886  
368.5698736  
455.5741036  
636.6161551  
1375.482833  
7.883862601  
1544.220448  
1016.179286  
414.1650086  
554.8816254  
888.6340917  
2891.246191  
1439.683096  
518.909628  
226.673894  
342.1005786  
1082.888117  
809.0798151  
894.207093  
742.6348827  
356.7697191  
1063.854512  
386.9014669  
767.7470415  
1198.049138  
18.68040448  
256.0167613  
262.0325917  
867.4228299  
71.07102901  
164.8470347  
170.8908959  
17.98463024  
386.0871552  
177.3964843  
519.3699655  
285.0145803  
1224.39388  
76.38490782  
812.8511658  
427.460022  
806.7793062  
934.510693  
781.3588094  
207.1661421  
324.6489482  
558.3136203  
218.2738989  
889.8265547  
122.3118457  
51.77477274  
2494.712968  
180.6067744  
4.951191231  
833.0067169  
180.5281785  
294.0850451  
155.2723442  
366.4164322  
374.0048192  
1333.400081  
563.4420468  
127.2962072  
4335.033954  
628.0834142  
1392.917298  
656.9755587  
95.24203734  
149.1877551  
1351.870272  
331.43883  
142.0332574  
110.8823218  
65.49970406  
355.651889  
362.1035138  
387.0827366  
408.0898218  
70.56701032  
65.28344516  
1458.326644  
166.7839243  
69.58318257  
344.0800168  
118.8402298  
41.71033235  
1452.422848  
778.3813972  
790.955815  
276.5424138  
1232.848596  
1122.303887  
225.5630601  
62.72934278  
425.2029707  
668.0836426  
781.6047178  
348.4436121  
353.3164113  
39.71376943  
272.1851179  
652.7873566  
146.4710792  
74.2870186  
1289.471625  
86.57431818  
467.2334885  
8.403191642  
594.597603  
89.35754273  
1305.273608  
205.6484644  
665.8492422  
861.1849843  
863.0664556  
76.09022618  
459.5075999  
148.844197  
202.6995211  
431.7384576  
216.7035598  
330.2381441  
546.1687852  
228.3389523  
449.1326398  
545.4581259  
751.5613037  
167.7780098  
647.0839022  
700.8976773  
129.7780367  
1025.317112  
611.3058636  
207.2310989  
982.4622937  
1119.944237  
765.4013752  
708.5470563  
65.08542076  
321.3807656  
129.1011062  
175.82465  
317.892519  
1262.430209  
180.5585068  
103.0343013  
1795.159863  
641.0270545  
1494.327806  
11.03346367  
152.9995008  
109.1122247  
2050.419376  
34.265159  
461.7986552  
176.6300798  
361.8215877  
1071.909394  
291.6994922  
18.7574887  
131.0392325  
463.0257348  
992.4541685  
529.114506  
1176.031486  
21.93668046  
237.9568748  
129.57257  
325.8890009  
123.9170655  
76.20199088  
101.6716675  
549.7728735  
154.7338583  
160.6640877  
370.7650207  
365.7842726  
59.68444193  
360.0109178  
999.639586  
522.070649  
10.61182587  
728.1491402  
478.9773918  
28.78128169  
162.8538876  
15.13664526  
539.5322739  
819.2843275  
323.2399404  
22.73312835  
742.8474792  
187.9156789  
282.5841216  
20.67457205  
36.44420413  
103.7212603  
123.518197  
29.62621943  
283.8221988  
744.9356861  
444.5919459  
579.1954823  
102.836856  
90.56607893  
274.3792558  
100.9476624  
38.42239946  
318.6869912  
686.564724  
12.90908407  
353.2415894  
664.2970768  
68.1983755  
303.0262902  
134.200774  
106.3005719  
587.4929815  
69.82767083  
269.8523524  
15.78195856  
369.7251132  
279.9744732  
34.98479809  
7.041957373  
83.63404606  
741.9165417  
500.0588713  
526.1165568  
329.0788979  
55.41216027  
317.1364275  
218.8085543  
404.9603226  
231.2968661  
61.3877658  
862.7874746  
70.11656221  
89.92433534  
343.7015264  
355.0073077  
862.2424854  
54.24708052  
58.04700754  
321.605913  
42.55744567  
351.8420191  
56.10970802  
32.98691059  
98.42993854  
525.2705958  
50.90166295  
299.218056  
32.77582079  
147.5569582  
140.9823817  
112.4521251  
282.8046553  
334.3908823  
89.404622  
113.2001429  
67.81013717  
115.3225324  
292.8792748  
144.0987212  
140.2002112  
150.1067804  
35.06893801  
188.9357211  
43.54026145  
531.4448071  
57.07244096  
31.8470139  
76.157812  
219.2252952  
2.564690107  
