94.09008969  
69.73308534  
20.77230897  
320.3566987  
120.7311753  
379.7296382  
429.0529521  
4.627467322  
1011.780923  
2391.030628  
51.0828966  
2366.233592  
1015.682759  
2435.586757  
1034.667201  
1808.848524  
1825.723356  
3637.897445  
3476.97176  
96.76943739  
262.1958428  
785.7197357  
26.30855793  
2790.053925  
873.4709147  
2390.183104  
1026.412781  
203.5243535  
1238.445602  
2211.550617  
1240.453273  
3403.643059  
4338.379326  
970.0103855  
897.902023  
1712.080416  
2062.040969  
212.7969475  
936.895453  
1025.920311  
951.2663212  
1759.673827  
1649.434911  
727.8965945  
2048.403426  
1748.97622  
2.562856264  
1113.004103  
916.8743712  
666.0080535  
458.4621726  
270.2091559  
7.377582085  
872.2040579  
84.63653794  
178.7634832  
413.1147482  
341.1234537  
1240.481572  
2785.041257  
2272.667098  
463.855816  
2033.988896  
1714.13736  
243.7422721  
89.07308099  
862.0123788  
1171.639968  
268.669765  
544.2400012  
41.89280741  
1173.919526  
40.99749485  
2992.801809  
1731.584639  
1230.92712  
293.3122538  
389.9194314  
1310.380756  
2295.8359  
620.119554  
209.215227  
1657.233751  
239.3410556  
293.4739807  
6.809532136  
1093.495343  
217.4322965  
321.2725123  
45.43573484  
1193.496274  
271.7306379  
121.5919485  
155.8937511  
31.93784081  
1003.296937  
57.16761677  
143.75759  
1673.663259  
12.88649015  
188.832325  
1625.553983  
21.77566059  
266.3855684  
636.4861421  
820.1450946  
398.6209534  
64.67913605  
110.1858943  
578.0086087  
2411.336635  
283.6444324  
145.4815165  
187.2164317  
792.4766433  
222.5198547  
4788.558966  
1429.252447  
1026.124622  
1541.846697  
378.1788464  
107.6655267  
589.5287126  
2027.547591  
898.0295735  
842.5602322  
203.4099245  
435.9577696  
31.0501816  
5192.460649  
678.4016172  
776.9021071  
3255.180617  
604.7518906  
43.52469211  
683.9663533  
598.9541587  
1598.789988  
2747.532501  
172.6643464  
37.48815768  
232.6242065  
1215.369385  
484.4595942  
7784.026269  
3268.440559  
2268.52463  
1641.499965  
401.4450867  
1237.819855  
2428.458529  
3911.594222  
1005.880761  
185.6099146  
1583.204066  
1309.31825  
339.2916142  
2210.420677  
383.4377802  
564.7596106  
2749.976368  
569.0589542  
6272.812605  
0.4499839055  
241.4461935  
1754.431476  
369.3244754  
1018.622698  
470.1856669  
2720.376716  
1095.711748  
6223.544346  
2625.911034  
2004.564475  
1531.854197  
3128.642033  
2105.933387  
1217.493484  
210.4302365  
394.2286574  
1124.024661  
1514.652421  
1383.498837  
1709.420721  
220.5625972  
1149.850148  
3125.856742  
2964.673961  
1233.459723  
2802.392991  
1182.416775  
3148.971602  
6372.995852  
1701.759328  
2907.082393  
653.3851575  
245.3041252  
1926.918114  
1021.257771  
1436.478338  
262.1400819  
820.151419  
603.6785384  
112.8686399  
617.9909593  
1171.950868  
1153.793015  
325.8170357  
1831.13466  
1819.664574  
347.3971346  
906.0939732  
1344.556407  
797.4626861  
182.9271322  
212.7679864  
422.9982308  
534.8260153  
336.8814508  
1234.273474  
721.0335428  
106.0332914  
403.912752  
633.63068  
392.6797146  
501.1198554  
271.2030613  
51.95442828  
188.0211668  
260.9006824  
874.0887298  
64.32088505  
3425.899154  
226.1989943  
204.0614137  
198.5214934  
1148.396498  
459.6083807  
1291.418143  
435.3047471  
450.7302602  
569.668754  
1723.628609  
88.1218249  
17.98078708  
157.5653706  
270.4715308  
590.6711121  
366.3507501  
188.4233109  
566.8902363  
123.8069276  
51.15648113  
68.36782423  
90.34252788  
88.68788055  
511.4803595  
559.9453077  
612.0906462  
155.353645  
708.3847813  
860.9978265  
516.1923433  
2197.016217  
653.066744  
48.93802609  
145.7466175  
202.3238658  
1524.338867  
4.532999055  
75.26262267  
1442.858726  
1651.546878  
263.2955273  
508.5901967  
742.1460467  
541.743256  
435.1768805  
15.35920228  
711.501217  
126.5299812  
57.84231884  
225.962017  
312.0122077  
183.8774589  
29.0052472  
56.90806595  
383.3419275  
531.4248561  
112.2810654  
63.2104047  
483.1380358  
53.93171928  
186.2978098  
1685.784691  
