0.2625436192  
1.891164268  
2.076194044  
-2.313355497  
-0.6381537401  
2.813110787  
2.455465026  
-1.440750351  
-3.834791447  
2.544051078  
-1.308330882  
-0.9763127709  
-1.665390006  
0.3850144833  
3.470055127  
3.722058158  
-3.950667754  
-5.956008372  
-0.3582353208  
2.257478456  
1.538086807  
-2.872517387  
0.52388801  
1.705309671  
-3.097937472  
-0.566856513  
2.951588856  
4.535130632  
-2.814928751  
-0.3002386007  
3.315550002  
-2.433561941  
-5.593015429  
3.166074455  
3.893903107  
-4.602151223  
-2.476015988  
-3.807144668  
5.095076727  
-0.6446484528  
-2.537809034  
-4.717688495  
2.791482089  
2.241688224  
-4.100522008  
0.4485607742  
2.304109317  
2.634014759  
-1.962426785  
2.088370504  
2.660418649  
-2.116329632  
-1.214553261  
-1.555784639  
6.14617178  
-2.384749119  
-0.4415326995  
-1.801688849  
-4.24299946  
2.615253932  
-2.627853575  
-1.301951592  
1.474934259  
4.974732943  
-4.012359468  
0.5067057898  
3.098622549  
3.973286132  
-3.602137147  
-0.2688945271  
3.172592419  
3.907861903  
-0.1709829772  
-3.109305352  
4.36451901  
-2.27226526  
0.06358538591  
0.6582748132  
5.475002195  
-4.038263608  
1.02232724  
2.465246001  
-1.863024829  
-1.156690132  
0.1143418136  
2.802955433  
-2.177296823  
3.447076934  
-3.358519705  
-1.651700202  
-4.647124533  
6.476505223  
-0.03405202081  
-2.957637599  
-6.65024529  
1.700262803  
0.7050681114  
-5.583811495  
-3.036491484  
1.999047956  
2.112688546  
-4.362976837  
4.02132459  
-0.2277193018  
-0.4318788334  
0.4717621829  
2.031936219  
-0.9233823348  
3.638332155  
-0.1435842245  
-4.271639929  
2.100021623  
-3.672596786  
-0.1248567681  
-1.382393689  
4.377672869  
-3.370335211  
1.519511328  
1.337629775  
0.2476837657  
-5.97648132  
2.931821169  
0.2340777147  
0.8272603174  
-0.3088487885  
2.206356734  
0.4685825824  
-4.476243904  
-3.388214958  
1.470729295  
2.385207821  
-4.777120049  
7.540082616  
-0.3105574072  
-0.6501033961  
-5.426581029  
3.978371721  
0.7208676508  
-3.40215928  
-0.9321546821  
-0.02480745401  
-0.117915421  
-3.732471717  
4.976099831  
-2.259681852  
0.4218357136  
1.035362579  
2.2456168  
-3.277281921  
5.126377863  
-3.202206581  
1.979135871  
3.204664854  
3.339027048  
0.02182485844  
3.282095749  
0.3679853147  
-4.227352159  
-1.621487031  
-1.740165676  
3.482661237  
-1.368562721  
0.6209272257  
-1.023667992  
5.673201744  
-0.6280480544  
-0.2102477826  
3.422680513  
1.880331631  
-1.395276708  
0.4174578567  
-0.2252518395  
1.625379956  
-0.9398373703  
-5.353130875  
-2.036063336  
-5.774870643  
3.261772692  
3.221843607  
-0.2015272674  
-2.496750766  
-3.364256028  
2.81974873  
-1.451707445  
-2.331859398  
-1.962393385  
6.17962233  
-0.9111916419  
-1.689528605  
-6.048481819  
4.811910401  
-2.777042205  
1.0598447  
2.17947531  
4.176913733  
-3.303936037  
1.25051457  
-1.274411767  
-0.6586172127  
-3.53454088  
-1.584153967  
1.18526042  
0.5394115063  
1.613669928  
0.6252505754  
3.568040805  
-0.8095108282  
2.857613913  
1.715032029  
-0.3159728298  
-4.635620433  
1.171301438  
2.091733456  
-3.88010304  
-0.8562376409  
-0.5492181013  
3.166775277  
-0.121919652  
5.531847179  
-0.56579983  
0.7974760526  
0.9655276113  
0.07348654973  
-5.182672613  
1.337878949  
0.2574907007  
-4.524086162  
-3.338452636  
2.522234142  
5.204646875  
-4.253143026  
2.831342761  
2.081547998  
2.077451979  
-1.746652915  
-5.284227309  
2.015958551  
1.071274924  
2.017002056  
-2.146541692  
1.835270735  
2.594233747  
-1.450056177  
-5.341142316  
-0.9958550792  
2.278825755  
-4.87958604  
0.1822012237  
0.6929972208  
3.887052282  
0.638049936  
3.49565273  
-1.189904756  
0.1931058062  
-1.605946776  
2.326958787  
-0.8018709761  
-3.559616451  
3.296115898  
-3.123995046  
2.071719299  
0.721058913  
1.265222061  
0.08927934707  
3.560221148  
-0.5529589861  
1.985919117  
2.324065958  
0.1532758351  
-2.784487793  
1.248287714  
-1.605105907  
-1.866905052  
3.50209702  
-4.579103154  
1.900798409  
-0.1530720272  
3.771565481  
-4.13173013  
-0.3945293226  
0.5263804484  
-1.577493734  
-2.326855623  
1.794270254  
-0.9507992948  
-0.0318543452  
-0.7365328  
-1.603523567  
3.266885277  
-2.090650993  
2.351298458  
1.215964474  
-1.234898845  
0.967345224  
-0.7614775233  
-2.325098605  
-0.7051300131  
5.209750833  
-3.295506766  
0.8061498173  
0.5392451346  
3.972067063  
0.4289997774  
1.107090887  
2.297069223  
-1.024539469  
-4.11846305  
3.472637015  
-0.9194790333  
-3.475318858  
-0.8265041234  
0.06222896264  
-3.038471817  
-2.917785898  
2.369350984  
-2.591216428  
-0.6313342832  
-3.012713104  
4.472093153  
-3.392549476  
1.256022685  
1.049060521  
2.799845786  
0.9558989027  
1.748812537  
2.001721184  
-1.625288464  
2.100257043  
-1.991337864  
-0.9533639714  
-4.043093395  
6.186231777  
-1.950442216  
1.247515529  
-0.5793572058  
3.192263333  
0.1426831919  
-0.003968738011  
2.281485986  
-2.022663011  
0.2738733843  
-1.157930206  
4.261632817  
-2.054772539  
0.08091624004  
2.164899115  
0.2086815629  
-1.748383595  
-2.814245592  
1.67127816  
-4.026641219  
1.020734806  
1.119350756  
0.4984209526  
-3.239168977  
4.164882111  
-1.991281677  
0.3385459894  
2.33880284  
0.7276803144  
-4.398500151  
2.84136409  
1.943581337  
-2.88372391  
-0.838011411  
0.8984290718  
0.8395896907  
-0.5050706843  
3.549651304  
-3.822706253  
0.4061586451  
-1.270155106  
3.584268131  
-2.55236223  
2.683092669  
0.901344089  
2.905113809  
-1.362188846  
-4.038256119  
2.202248447  
-4.031857142  
-2.971886916  
1.093582506  
-0.9522983149  
-4.338072797  
6.246298796  
-3.145241454  
0.9182207959  
-0.2043351227  
0.3530115086  
-2.292019141  
-2.658024565  
3.367362512  
-1.858187245  
1.118248675  
0.4632476064  
3.103975772  
1.0868369  
5.121607868  
-1.578325589  
-0.5903264323  
0.6495103289  
-2.319023574  
-2.620077  
1.638504448  
0.8258552011  
-1.024771154  
2.362871846  
0.288251386  
-0.953202436  
-4.542598044  
4.38419926  
-3.150853983  
2.757661888  
1.778114731  
-0.3847391559  
-1.876103037  
1.566379481  
1.34844135  
-3.521382787  
2.308583018  
1.888612707  
0.8611071164  
-5.190267727  
3.888169966  
0.7729853161  
-2.470176858  
-4.667905259  
1.37676547  
-1.811147475  
-0.3704557854  
2.196672508  
2.747269726  
2.21358363  
-0.5202102699  
2.657670984  
1.250215747  
0.6969752049  
-4.251339413  
1.83680251  
1.793392951  
-4.256162621  
-1.068236724  
0.1202983756  
0.6704932794  
-4.470126665  
5.29558295  
-2.206989419  
1.735065235  
-0.7610990068  
0.4203375064  
-5.104762551  
4.016146938  
0.8063886428  
-0.8707639455  
2.788942815  
-1.028721543  
-0.1154404089  
-3.947055822  
3.425077927  
-0.6082758423  
-1.612046153  
1.313908359  
-2.464990512  
-0.6973789681  
-4.218976835  
4.608808645  
-1.532739538  
1.254729739  
1.868449281  
-0.5198787318  
-6.976304735  
2.193823987  
-0.1140253475  
-0.4140353294  
3.447357183  
-1.86005156  
3.983870381  
0.2140663335  
-0.1433126407  
-1.913783004  
3.436365062  
-2.682868198  
1.083199958  
1.47895217  
0.9116111621  
-0.5423754686  
0.8564574262  
0.09403177633  
0.30393665  
1.292027902  
-1.207953878  
-0.8716286878  
-5.306094731  
5.236552518  
-3.208563077  
1.92831467  
-0.5390438077  
3.236958734  
-5.549037869  
0.6117519409  
-0.3086363187  
-1.775668059  
0.7845377905  
-1.6672997  
4.018377279  
-3.675487459  
1.09271676  
0.02717346805  
3.128200645  
-0.5705044823  
2.454963613  
1.450263141  
0.3214299916  
-1.763455447  
1.228087656  
0.2615327451  
-4.365854657  
6.185579391  
0.6156035482  
2.709746278  
-0.1166116769  
-0.7564308308  
-2.911917692  
3.52836568  
-2.332827202  
0.4030997709  
1.143171301  
-0.2591685392  
-3.693809413  
0.7641651782  
0.5782077112  
-2.00956076  
-1.384613247  
0.3095527493  
-1.081534345  
-0.6923215478  
1.863761545  
-3.939979784  
-0.02154937046  
0.4563345803  
1.188407156  
-0.1095145891  
3.649660393  
-5.059814094  
4.804207546  
-3.9396718  
2.563490899  
1.611971422  
0.8299257537  
0.5124970077  
-1.429565882  
0.9930786846  
-3.806026166  
1.520731767  
2.100773534  
0.7854399707  
-6.605267566  
4.662951603  
-0.357403734  
-3.414355487  
2.014014431  
-3.458815522  
-2.826590246  
0.8591530964  
0.1760918387  
-3.937452207  
4.743904917  
-0.6301270221  
-4.315299486  
2.615047344  
-3.684858843  
2.041746296  
1.202806263  
-1.094399745  
-5.557732337  
3.071021735  
1.202701156  
2.438383775  
1.183539807  
-0.2700803554  
-2.254613086  
0.7718444502  
0.2604945119  
-1.966468446  
3.474764599  
-1.331502684  
3.185589725  
-0.3314169187  
0.2561539329  
