-1.502029916  
-1.101968509  
-0.1696148268  
0.439614256  
0.4797741896  
-0.4623819198  
-0.8718081576  
-0.6386124547  
0.7898463563  
-1.404523759  
-0.006843359146  
-0.387118363  
1.710390362  
1.198879536  
1.132789303  
0.8331218729  
0.512855973  
0.213824509  
-0.0758819956  
0.3408119823  
-0.733554242  
1.59090977  
0.5147237768  
0.5983000868  
-0.1363032959  
-0.7134869289  
-1.634316866  
-2.074436456  
0.7667093966  
1.345069542  
1.62484305  
0.8660720088  
0.5638010326  
-0.3930209607  
0.4546942026  
2.580289854  
0.1290516906  
0.3034211157  
-1.652593131  
0.7409425281  
0.234710479  
-0.111733801  
0.4099784296  
0.198194963  
-0.3500012357  
-1.900573775  
-0.387571976  
1.060445249  
0.7726316815  
-0.1015884955  
0.1571855489  
-0.2551009611  
-0.3019507582  
-0.5854962855  
-1.393487753  
-0.2267894424  
0.8222344268  
1.518540611  
0.5140919984  
-0.5721662863  
0.2421310056  
-0.9327276727  
-0.4368505233  
0.3016917192  
1.859706562  
0.7196590139  
-1.736584674  
-0.8766520951  
0.04846332191  
-0.553699619  
-1.88979012  
0.008443687723  
-1.278783719  
-1.584820596  
-0.68662969  
-0.3340873269  
-1.308898148  
-0.6702077676  
-0.5934413451  
-0.3002516639  
-0.5213644428  
0.6427403131  
0.4296551894  
-0.3215297018  
-0.1709305647  
0.4066750994  
0.8027559121  
-0.3284551906  
0.9969627246  
1.356145224  
0.281799414  
1.34556049  
1.864760021  
1.070106449  
0.2588979416  
-1.189497493  
-1.068482628  
0.5807941563  
-0.6267179546  
-1.460672557  
-0.8973537708  
0.5245764345  
-0.505204877  
0.1257192645  
1.394155224  
1.332255169  
1.142770928  
0.6438900771  
0.6714785785  
-0.7371404459  
-1.273649139  
-1.185506761  
-0.3006225782  
-0.3662679506  
0.2395930506  
-1.34983616  
0.235477142  
0.2090993723  
1.437498314  
1.811920985  
0.7421402467  
0.2670948342  
1.634272548  
0.5913312296  
0.5021177162  
-0.7352515725  
1.205666048  
1.485087711  
-0.4469655946  
-0.4093919843  
-0.8409763365  
-0.6879231838  
-3.200367901  
-0.6046062329  
1.619541832  
1.415363378  
-1.095424478  
-0.7095395962  
-1.411488983  
-1.566676982  
0.8105943401  
1.517092524  
1.622813502  
0.2638008237  
1.805082833  
0.1878879276  
1.292661533  
-0.4212779866  
-0.1148378825  
-0.284109479  
0.8321590318  
2.715347804  
2.293370857  
-1.45572656  
-0.507889772  
-1.352425667  
-1.117900881  
-1.057941365  
-2.101843978  
-0.4836142016  
-0.8919276426  
-1.615067709  
-2.790014613  
0.3020113183  
1.084495646  
0.9203192477  
0.2681921213  
1.433882612  
-1.063084362  
0.6337519366  
-0.1094409186  
1.752889217  
0.9029086249  
-1.68596748  
-0.5973506733  
-0.1637811156  
1.542719463  
2.226578207  
1.931399649  
-0.6557700454  
0.2688486224  
0.2554729297  
-0.01629314073  
0.8423854256  
-1.407000836  
-1.044785506  
-1.915563779  
-0.8963594572  
-2.07565434  
1.070688421  
1.129364915  
2.138886901  
1.674107189  
0.4137903015  
0.5977379626  
1.24880665  
-0.5477734464  
-0.1785103358  
0.3569885452  
-0.5679531462  
-0.7155192681  
-2.766378902  
-2.187846964  
-2.805153104  
-0.2757030344  
-0.2518372202  
0.4835975311  
-0.1268101435  
1.264224192  
-0.1898869831  
-1.226138408  
-2.014444019  
-0.8338057382  
-0.3518807201  
0.5756149354  
0.3639766338  
-1.429841437  
-0.2201585647  
-2.60171672  
0.9872223583  
0.3854394533  
0.2998584974  
-0.8646986583  
-1.357776477  
-0.1810248396  
-0.3906694441  
0.7297135652  
-0.7211641612  
-0.1090754694  
0.2793047722  
1.215313683  
1.716812364  
1.603290835  
0.4559427381  
0.6024860439  
-0.2384366748  
-0.9927659603  
-0.03144824834  
-1.478300305  
0.9987634615  
2.22969011  
2.988924074  
1.936205692  
0.9174834286  
0.6861413291  
-1.295279195  
-0.3332190116  
-2.091604471  
-1.080827069  
-0.461180379  
0.4241953173  
-0.7584495569  
-1.328684228  
-0.2060100152  
-0.2260405979  
1.585972073  
0.1178927955  
-0.7551245262  
-0.1023757799  
-0.19724051  
-1.841670537  
0.4445713792  
-0.249175194  
0.1759332973  
-1.19644241  
0.08053993584  
-0.2090463627  
1.563904632  
0.04255339765  
-0.1439583786  
1.336210936  
0.6330721756  
-0.1979240867  
-0.8688199076  
-1.006534323  
-0.7004519656  
1.18914238  
-0.304917849  
1.332667666  
0.3485362694  
0.9562536315  
0.5472255066  
-1.050451585  
0.7728207094  
-1.025066944  
-0.6121993701  
-2.291045523  
-0.05026560964  
-2.230430775  
0.5451860299  
1.827712888  
2.241829159  
0.9743361108  
0.3150781242  
-0.7424154265  
0.2594916446  
-0.7660192452  
-0.1418968168  
0.1472274751  
-2.633496602  
0.3337756825  
1.353915617  
1.108158284  
0.7607650573  
2.193069309  
0.8370655455  
-0.9302045836  
-0.5871062677  
-0.454720709  
0.03405372086  
-2.095858233  
-0.2289869327  
-1.313836421  
-0.7116266532  
0.7112354232  
1.33692769  
-1.937877243  
-1.224665129  
-0.5369021637  
-0.2151414235  
1.433521575  
1.429889426  
3.593947704  
1.065815556  
-0.9413108423  
1.209932064  
1.489884933  
-0.392507517  
-0.6330238251  
-1.305519443  
0.8856554407  
-2.619415098  
-0.4250029229  
0.6720786433  
0.5161385207  
-0.4874400677  
-0.6824488353  
-0.5614992679  
-0.8418245321  
0.07382969447  
-2.295856417  
-0.9584165321  
0.8663427428  
1.349649442  
1.233263634  
0.8485065652  
1.373655067  
-0.4421714889  
-0.5282709046  
-0.09498434525  
-0.3192282181  
-1.069496947  
0.2322974433  
-3.203793596  
-0.5100125509  
-0.02965785152  
1.1930393  
1.113558606  
2.223280812  
0.24898513  
-0.4253856995  
0.04238934357  
-0.7179075035  
-0.2125566621  
-1.352442254  
0.3433821641  
-1.245714907  
-0.7775128803  
-0.6595593045  
0.1006416924  
-1.440836205  
0.1598309161  
2.527131445  
1.273031889  
0.7246603692  
0.798190347  
1.835015689  
-0.1335842239  
1.11013897  
1.460578926  
-0.3055411858  
-2.115656516  
-0.4498101675  
-1.063093595  
0.4026774771  
1.12756215  
2.57351906  
1.068569397  
-0.3779588794  
0.9617743722  
-0.1943114072  
-1.705696557  
-1.209545991  
0.4964967829  
-1.503166422  
-0.8207519883  
-0.8615246056  
-0.2346489704  
-0.3783419432  
0.2474897593  
-0.09830127315  
1.041670724  
0.1750866948  
-3.081663149  
-2.328750206  
-2.159413101  
0.5090265375  
0.8648651396  
3.374403314  
-0.606575695  
0.7096100671  
1.385614049  
0.9151198568  
0.3559823346  
1.538485091  
0.5778914831  
-0.2488141254  
-0.5482962366  
-0.7335881212  
-2.303286768  
-1.581135685  
1.324113464  
-1.704529757  
0.3977899754  
0.2017098366  
1.349006088  
-0.2540371819  
-0.4881276076  
-0.6448424353  
-2.61663768  
0.3776009073  
-1.981559721  
0.5440839497  
-1.825508275  
1.992408323  
1.645081162  
2.601271938  
1.438157016  
-0.02333539129  
0.1586351998  
-0.1094837969  
0.3205740754  
0.8971678356  
0.3908505051  
-2.393799418  
0.6327780224  
0.6833404324  
-0.2042659423  
0.4198391059  
2.180905858  
1.771545354  
-0.9958738902  
-1.759763216  
-0.9533021482  
-1.224801271  
-2.288589807  
1.392586607  
1.978235195  
0.2845911745  
-0.7447169071  
-0.7456203047  
-0.1872001788  
0.2566528265  
0.2928035051  
-0.5380946963  
-0.1842623109  
0.8573463437  
-0.09970332372  
-0.5127980031  
-0.04705366295  
0.4742283943  
0.9781542606  
0.2113620995  
-0.6966114107  
0.518728343  
-1.11642983  
-0.3864379881  
-0.4610386084  
1.708289032  
-0.03533634232  
-0.1873093412  
-1.670553862  
-0.1992249953  
-0.1765356519  
0.05113947672  
0.2271775023  
1.332718166  
0.4105917458  
-1.557757651  
1.25529896  
-2.275579188  
-1.589316478  
-1.609840056  
-0.2208253644  
-0.728033366  
0.425510634  
-1.28584911  
-0.2109746375  
2.223642751  
2.681248651  
0.8063636489  
-1.051557614  
0.3449362004  
1.104403876  
0.9452284929  
0.9872146119  
2.114389426  
-2.741999706  
-1.414965052  
-0.6660556329  
-0.569859303  
-0.372648313  
2.736801168  
1.004824972  
0.4741087519  
-0.1284420426  
-1.076645117  
-0.002192951629  
-1.677788496  
-0.6101290135  
-0.7083408574  
0.5595365455  
0.1899445472  
-0.5045857289  
1.038294002  
0.9542952782  
0.4852581795  
0.4989559764  
1.846180939  
-0.454328975  
-1.819380918  
0.6586389023  
2.500774889  
1.284658525  
0.3677517707  
0.2676118077  
-0.03396495253  
0.2983251591  
0.602372509  
-0.6813241741  
-0.6520364749  
-1.676360524  
-0.4229140911  
-2.275096537  
-0.624538368  
-1.956545466  
0.1497876636  
1.024475581  
1.286216059  
1.164943431  
0.7604779045  
0.7764373434  
-0.7493081307  
-1.70536994  
-1.308034032  
1.840125468  
-1.472198413  
1.94031002  
1.785229612  
0.7515650639  
0.03825377409  
-0.5604082413  
-0.7025290918  
-1.521239258  
-1.283120501  
-4.289340968  
0.4940096726  
0.3881163541  
-0.6304410827  
1.744289233  
1.384899401  
-0.1751703201  
-1.884409055  
1.401523079  
0.4551082228  
-0.438306178  
3.056900266  
1.80790928  
0.4133131324  
1.937871749  
-1.112859105  
-0.0004645975159  
0.7679215917  
0.2571435511  
-0.6899734742  
-0.35510291  
2.700936876  
-2.817298268  
-0.5075737032  
-2.859592775  
