1.525036766  
-0.802931369  
0.06851608221  
1.587922213  
2.81407489  
-0.6101527108  
0.133901015  
-0.9606077435  
-1.028036889  
-0.113286661  
-2.089950029  
-1.655602434  
-0.3374383795  
1.525356678  
-1.594771649  
-0.1812391936  
-0.3511316751  
0.6569999225  
-0.2547327829  
-0.8164760615  
-0.008396096262  
0.8630146551  
1.825049922  
0.04661318376  
-0.7622180445  
0.6185871891  
-0.383418322  
1.227204391  
1.514726205  
1.257723472  
-0.2914205492  
-1.242168945  
-1.030305817  
-0.2080338155  
-1.711817355  
-0.6927788443  
0.414618041  
-0.2592569528  
2.337907043  
-0.1270258628  
0.2132762341  
-2.246804766  
0.6686293499  
-0.1448479054  
-0.3502080451  
0.4523367294  
-0.7641219655  
0.2458048865  
-0.4163828317  
1.956514712  
0.08744942431  
-0.6554484816  
-1.88986884  
1.688599986  
1.24640814  
-1.809566536  
-2.765321499  
-0.8598805989  
1.189258515  
-2.007740711  
-1.514639197  
0.6202493666  
-0.8919505796  
-1.049957362  
2.380411078  
3.532347689  
-0.06062201524  
-0.2506782813  
-0.1785039162  
2.342004878  
-0.3868258407  
-1.234208934  
-0.0190225653  
2.170509579  
0.03346484873  
-0.9351239492  
0.6688275862  
-0.3185782632  
-0.5897905782  
0.7609822482  
3.500657158  
0.1018042518  
-0.564781432  
0.9293874085  
-0.05634605921  
-0.2659652561  
1.684696875  
0.02369047296  
-1.953407035  
0.4237146826  
-0.4084942439  
1.42763192  
-1.41381539  
0.2849360455  
-0.170328108  
0.2168015203  
-0.8707606114  
0.1324891835  
-0.8045079384  
-1.721389728  
-2.108472381  
-0.7259997344  
-0.2262127891  
-2.300124228  
1.25996012  
-0.2430911094  
-0.6623551851  
-1.018478366  
0.9173386546  
1.6373151  
1.67474539  
-1.936432209  
-1.944770387  
0.8531333013  
1.645723043  
1.669693525  
-1.563932154  
1.79667328  
-0.08252349359  
-1.44386302  
-1.416469415  
0.9382437557  
0.1309178455  
2.324038984  
-0.209898957  
0.1972743692  
-0.02082736857  
-0.2053083706  
-1.106097301  
-0.4486473644  
-1.543518134  
-1.077186977  
1.058936757  
0.07201130794  
0.3557537405  
0.8235072665  
1.331579652  
-1.152083829  
0.3123895348  
-1.224059547  
-0.9398161443  
-0.9846981332  
0.09089925266  
0.07779507785  
-2.0619386  
0.8052118042  
0.1486707624  
-0.2619072721  
-0.7211210084  
1.202665949  
-0.6779071016  
1.262743591  
-0.3711851956  
1.948865383  
0.8075801016  
2.997205664  
0.04968107712  
-0.2304097953  
-1.754995087  
-0.4692009108  
-2.193228212  
-2.361655358  
0.134770445  
-0.09126379832  
2.290821003  
1.923285022  
1.053668842  
-0.02559739594  
1.509026372  
-1.125097179  
2.306111447  
-0.3464790754  
0.06487450123  
-1.004105774  
-0.7117407209  
0.553690451  
-0.0283412043  
1.222732707  
-2.046379846  
-0.6238338044  
0.240445344  
0.1715242204  
-2.337974972  
-2.965094906  
-3.028790198  
-0.7602261169  
0.5019618538  
-0.4277206829  
-0.4049713239  
-0.817103042  
1.725353004  
-0.2058104633  
2.545512208  
1.137066212  
1.575814942  
2.14979508  
4.11891342  
0.4735107854  
-0.05254968045  
-1.0097732  
-0.2142538096  
-0.1700771899  
-0.8673332719  
0.8581961145  
0.6178032053  
0.4242668465  
0.04667450344  
1.354095321  
-0.8930413683  
0.2701112815  
-0.3322699563  
0.501918316  
-1.885266835  
-2.306205848  
-0.2465638923  
0.5907007615  
1.068710073  
0.314903254  
0.708077322  
0.98779254  
1.704413904  
-1.582606158  
0.01593741078  
0.3843060636  
-0.564904412  
-1.262885332  
-0.8735451999  
-0.4764876132  
-1.069130734  
-0.5734338665  
-1.515439058  
2.245020247  
-0.6543768911  
-0.0562514861  
-0.2653887715  
0.9172524839  
-1.664101007  
-1.348464729  
-0.6003476806  
0.7550640274  
1.210964728  
-0.1280272206  
0.02732971099  
-0.5313162491  
-0.3212883025  
-0.9810784969  
-1.706081133  
0.9022016847  
1.335173851  
0.3847056209  
0.305868855  
2.871691681  
1.042696056  
2.36946579  
-0.8258251301  
0.08835183973  
0.9055400174  
-0.6739011917  
-1.275074632  
-0.6141734129  
0.191556897  
-0.1311860126  
0.7537221902  
0.3538952221  
0.4657277481  
1.207944329  
1.189303414  
-0.9620616428  
0.8681035566  
-0.9639508754  
-1.16791131  
1.288967482  
-0.2972813994  
-1.810677628  
-1.322011208  
1.478399807  
0.6851081016  
0.2257476083  
-2.488777796  
0.8712770619  
-0.2645646845  
-0.1170568796  
-1.395034267  
-0.5356483346  
-0.04397397914  
1.197917481  
-1.892065206  
-0.2943336343  
2.828271231  
-1.280189857  
1.010481338  
-0.3114177522  
-0.2186187753  
0.869068937  
0.5759637877  
-0.4646796224  
1.514137232  
-1.306138517  
-1.521950089  
1.869867927  
0.2108568322  
-0.1005313605  
2.706960519  
3.222377764  
-0.8081600218  
0.1544903436  
-0.8415730104  
-0.07942776688  
-1.419658465  
-0.2525089737  
-1.733055516  
-1.838586513  
-0.4061440227  
0.02529134049  
-0.8138085027  
-1.75138011  
-0.2804261707  
-1.428964382  
1.003833795  
0.2336023476  
2.203350094  
-0.03058481467  
-0.4491640739  
1.635385878  
1.979812257  
-1.761576186  
1.662735535  
-1.580045874  
-0.8670916721  
-0.2581863984  
-0.6607201455  
-0.1860677144  
-0.6415323264  
2.570876692  
0.3881749872  
1.21140019  
-0.8244931073  
0.1985381694  
-0.2298961317  
-1.171931046  
0.6083494591  
-0.2787593763  
-0.2808704733  
0.9776865078  
2.075702273  
-0.3273258891  
-0.3043545882  
1.725818275  
0.6965896199  
-1.780115715  
0.9605150299  
0.3866384379  
-0.1131049996  
-1.255972694  
-0.7941562182  
-0.5102899442  
-0.8121981251  
0.52093919  
-1.092328781  
0.02622104821  
0.8248094885  
1.373553786  
-1.225778646  
0.9733767961  
0.4528415701  
0.09200584898  
-1.66792343  
2.490808628  
-0.7232311501  
-1.825995562  
1.42095285  
1.871519664  
0.6457513882  
-0.8081930911  
0.3360877527  
-0.8214388208  
0.7768932895  
0.181214387  
-1.331578983  
-2.109327327  
-0.5076284957  
-2.118319992  
-0.3791868799  
0.2497232132  
-0.1498523474  
0.9157466312  
-0.6620539548  
3.03887503  
0.1395397891  
-0.7860627374  
0.1420305863  
1.585769508  
-1.019595575  
-0.5078668799  
1.38575246  
-0.3202840095  
-1.265928204  
0.3054210718  
1.458997135  
-0.1771222458  
-0.2050890459  
-1.59775132  
-0.154597662  
-1.903838725  
-0.6946064279  
-1.011542198  
2.058651776  
-0.09499903943  
0.3635829196  
0.05673910325  
-0.2107659708  
1.139789655  
0.2995919259  
2.212773643  
-0.818080853  
-0.3574179271  
0.8598840029  
0.09517969276  
-1.938751891  
0.428279132  
-1.078954189  
0.7061697918  
-0.7835144906  
-1.596875805  
1.306457648  
1.171743179  
1.174495804  
-1.094931724  
-0.9974111441  
0.360895155  
1.775743601  
1.014037117  
-0.6132272358  
-0.6897624291  
1.264024486  
1.204991683  
-1.120421522  
-1.045030547  
0.5668387887  
0.1231380694  
-1.740270021  
1.64310978  
-1.37933482  
-0.8326110136  
-0.01636080147  
-0.393162221  
0.7741523114  
-0.5636402037  
2.878672033  
-1.329035144  
-0.8275563026  
0.7656842083  
0.4025919937  
-1.289364953  
2.216329254  
0.2542084738  
-1.270203589  
1.036313906  
-1.080286547  
0.5682872426  
-0.4436220603  
1.013276439  
-0.170336774  
-0.7425879563  
0.2694842672  
-1.19010232  
-0.1071713143  
-1.134655387  
0.7745377815  
-0.9521993169  
-0.1702094593  
1.1899499  
-0.7171546675  
-0.7328541151  
0.06276260397  
0.764027442  
0.6850748437  
-0.4470923864  
-0.5759819381  
-0.3014808426  
-0.586611117  
1.070375192  
1.232402818  
1.178704828  
-1.614072753  
-1.1329387  
-0.02790323251  
-1.00003198  
-0.4018484696  
2.561311917  
-0.394537546  
0.1957062828  
-0.1443506234  
-0.3760714757  
-0.5748589878  
-0.2213398221  
3.179596124  
-0.7414628768  
0.08380775827  
-0.2720347252  
-0.4605625504  
-0.2989713011  
-1.458585618  
-1.126780014  
0.8170260067  
-0.5616816977  
-1.469566632  
2.009345412  
-0.01719675627  
-0.6205691934  
0.757655456  
1.069193023  
-1.404576032  
0.7051299281  
-0.8247273801  
0.2684612737  
-0.5278366095  
-0.7381695585  
0.8351281671  
0.9724464347  
1.146942668  
-0.7785694801  
1.640097102  
-0.8473409194  
-0.3854212418  
-0.6246397137  
1.987276939  
-0.7731616755  
-0.8966819306  
-0.6822599459  
0.009616924406  
-1.093961471  
2.163104598  
-1.16228196  
-1.612703274  
1.825753778  
3.05132557  
-0.3565729866  
-0.1248054293  
-0.5484142601  
-1.897113672  
0.8384081122  
0.4267152877  
-0.5955876445  
-1.220984831  
1.173926462  
-0.6655730838  
2.676986405  
0.1622919158  
0.4657016355  
2.199239925  
1.260551359  
-0.08242386102  
0.8432817137  
-0.4935897515  
-1.495384844  
-0.4468050848  
-1.293264313  
0.4129720472  
-1.116602844  
0.5117594938  
0.03486970312  
0.2307192734  
0.3964603038  
-0.3230065265  
0.9217747269  
-2.867109146  
0.2279375045  
0.4879907803  
-0.9714824871  
-0.8754121929  
-1.783713988  
-0.3863932072  
-1.924448231  
-0.1988543656  
-1.522258988  
0.217778211  
2.563595741  
2.839002537  
-0.828940482  
1.157132452  
-1.856483662  
-1.492027639  
1.192048157  
-1.019112438  
-0.7449976615  
0.6861473101  
1.280895356  
-0.4866409543  
2.670396921  
