-1.577273544  
-1.563739773  
-1.448745448  
-0.02496143713  
1.093084484  
0.2803672282  
-0.5342005122  
1.377465908  
0.7173964914  
-0.251291549  
-0.1792698302  
0.01777266862  
-0.197341707  
0.3552589078  
0.1424214704  
0.7941259436  
1.443755581  
1.235389406  
0.9192297185  
1.032253308  
0.6969024779  
1.278779281  
-0.8823268038  
-1.141292216  
-0.2025321738  
-0.09335402149  
-0.4620381125  
-0.9455178092  
-0.2048254213  
-1.350300053  
-1.472923649  
1.548350349  
0.4743411339  
-0.3575806572  
0.9276541322  
1.01870307  
-0.1995796224  
0.2199428088  
0.1363921712  
0.4338401538  
-0.798472042  
-0.9984053672  
-1.242441806  
-0.4256698708  
0.07481903736  
0.8604051549  
2.495541958  
1.485943154  
0.4898754935  
-0.1078762885  
0.8069233547  
2.140429465  
1.025143864  
0.1679296904  
0.9333075966  
-0.2004723447  
-0.611089671  
-0.7090716209  
-1.544001081  
0.2775495119  
0.6654174388  
-1.535580306  
-2.263645682  
-0.8861457335  
-1.228747516  
-1.733394333  
-0.1576426069  
1.179987539  
0.8213952608  
0.1071611075  
-0.1124672926  
-0.1188344391  
-0.3309231124  
0.05422368487  
1.642687051  
2.026677079  
0.004101658849  
-0.9289937281  
-0.6758623971  
-1.218140997  
-2.147039295  
-0.4865894814  
0.08242256891  
-2.328859265  
-2.056854121  
-0.5933968641  
-1.153665332  
1.409520273  
1.388507086  
0.2788508122  
0.1151718565  
-0.2544712925  
0.02475358525  
0.6243179759  
1.371147455  
3.267058042  
3.144930754  
0.06764774643  
0.3922575043  
0.1980559884  
-0.1682780407  
-1.341419597  
-0.9686207333  
0.1183637322  
-1.708825864  
-2.005438363  
0.255782884  
0.1237337766  
0.5619642772  
0.6032750005  
-0.2280538931  
0.03016886064  
-0.2260471786  
1.617330188  
-1.159201469  
-0.01141117017  
1.569659711  
0.581644344  
-0.4023006177  
0.7481083657  
-0.905877607  
-0.4296234632  
0.9872432134  
0.2678464628  
-0.2238943862  
0.6337412986  
0.1628662305  
-0.6317647412  
-1.758404346  
-0.8563869519  
-0.4778921737  
-0.9609334556  
-0.739010618  
0.2298822642  
0.06954762793  
-0.9183536023  
0.7879743601  
-0.3574044769  
1.104673486  
1.681021293  
1.100929367  
3.317208341  
0.4672397617  
1.119358285  
2.811311966  
1.147250527  
1.204436756  
2.37632492  
0.5759839328  
0.5078948008  
0.3031384078  
-2.790606531  
0.2919612967  
-2.065944733  
-2.191874107  
-0.6974594911  
-1.17456016  
-0.6318449687  
-1.185471446  
-0.7755142028  
-0.5531772726  
-0.8657537206  
-0.7902361874  
-1.240690925  
-1.177146423  
0.6085095132  
0.1703141238  
0.3511373928  
1.15414333  
0.3698519498  
-0.1049904367  
1.064964745  
0.3521697723  
0.4301130917  
0.6990294339  
1.820973547  
-0.5246265934  
-2.157363287  
-0.3343387874  
-0.1096336722  
0.02903636173  
0.5977523549  
0.1061251022  
-0.452043326  
-0.06197574086  
-0.8949701135  
-0.2591099424  
1.309707137  
1.875287982  
0.4094699035  
0.05519703921  
-1.427298484  
-1.848425568  
0.09551247193  
0.6895033786  
-0.5159671365  
-1.137652361  
-1.79449352  
-0.879849535  
-1.227262013  
-0.3914021582  
-0.02018982207  
0.913795359  
0.2598505565  
0.1962524786  
1.5488072  
0.9589052794  
0.05401061665  
1.111099411  
0.7491042372  
-0.08109839946  
-0.01732617376  
0.5571019721  
1.652010717  
1.375221232  
0.1008203147  
-0.7064916237  
-0.5579330293  
-0.5939995097  
-0.2727723731  
-0.8548661943  
-1.199869532  
-0.9901938113  
-0.4773680533  
0.6461648104  
-0.2970618779  
-1.168583144  
-0.9058177079  
-0.8666324405  
-0.6667624601  
-0.9761584047  
-1.095505532  
-1.901265139  
-0.7690363549  
-0.07041182663  
-2.196031202  
-0.9661479203  
0.3083448677  
0.08609660553  
0.8253926665  
-0.5795152791  
-0.6782703685  
-0.1645568066  
0.2408848119  
0.9483696201  
1.035924716  
2.231608268  
0.7207752373  
0.4191205891  
0.1923249143  
-1.016956112  
-0.9949041423  
-1.271504672  
0.7033892755  
0.7589812924  
-0.1788719972  
0.3153275756  
-0.117069703  
0.01410632987  
-0.4333144601  
-1.488701666  
-0.3558123654  
0.2420928498  
-0.3487185769  
1.032791652  
1.393336286  
0.9407688564  
1.180464828  
1.061342828  
0.6386905526  
1.396555644  
0.8165087003  
-0.1603558707  
1.830898848  
1.88822916  
0.3835431317  
-0.5686500868  
-1.420438413  
-1.424604596  
0.01992240154  
2.825915107  
1.854974526  
0.3459531139  
-1.04487371  
-2.985430031  
-0.6941536686  
1.046582306  
0.2364877554  
-1.669206858  
-0.4541593642  
-0.409789316  
-0.413679456  
-0.155618739  
-1.090413405  
1.076664703  
-0.7191486553  
-0.2981875454  
0.814490127  
0.8800741185  
-0.6892842767  
-1.597167701  
-0.8065090586  
-0.2447773883  
-0.07716670854  
0.4696483526  
0.4288599643  
-0.3457162998  
0.4665085836  
1.517429866  
0.4335249486  
0.9820876088  
1.004935008  
1.590185347  
0.6981309303  
0.3020076888  
0.6450284738  
-0.9436907072  
-0.7917899156  
-0.7940904663  
0.4904709686  
-0.6535011403  
-1.393117691  
-1.414092761  
-1.229607583  
0.3761641906  
-0.05972848666  
0.3375372626  
0.4797371092  
0.5095269429  
0.2248784095  
-1.436456283  
0.8301293358  
0.9544283565  
-1.136837563  
-1.332875948  
-0.469992019  
-0.1341186247  
-0.8249755221  
-0.1873582425  
0.4951806751  
-0.4553200155  
-1.618589626  
-0.8757145109  
0.1784312483  
0.4096941346  
0.2254533251  
1.039591579  
0.9018376338  
-0.495030732  
0.5698982951  
-0.3341509585  
-0.3605097679  
-0.5908745658  
-0.5402831329  
-0.2677311063  
-0.7679792775  
1.216810101  
-0.3616920454  
-0.7849692988  
0.6877326656  
-0.2290711558  
0.5249110908  
1.3587494  
1.445912331  
-0.02000481544  
-2.305561781  
-0.07938832346  
0.4468463698  
-0.02459768627  
0.7977735819  
-0.9192155402  
-0.1526302833  
-0.7566236686  
-0.2474660368  
0.4929940689  
1.355253865  
0.9583610723  
1.529574569  
-0.2607885191  
-0.05231848644  
0.3776083902  
-0.7566604379  
1.400957345  
1.914706222  
0.1710040325  
-1.364963775  
-2.030144118  
-0.5090737505  
-0.5955285311  
1.310756296  
-0.2551275427  
-0.9560681006  
-0.9758970792  
-0.4283029114  
-1.049485019  
-0.3994521756  
0.3274678419  
-0.780292155  
-1.009497308  
-1.223277498  
-1.976959549  
0.8796377436  
1.584360755  
1.207686623  
0.2917899091  
0.3707762197  
-0.07947269513  
0.3678098326  
1.665673438  
1.488526147  
1.130070604  
0.5417895249  
1.274806658  
0.01266641696  
-0.629057046  
1.006259873  
1.820078946  
0.451152028  
0.05665626673  
0.02288819954  
-1.095404193  
-1.298606871  
-1.916001473  
-1.164923072  
-1.532768659  
0.2006408749  
0.9635725715  
-1.261651714  
-0.8620367964  
0.007576922049  
-0.08518600461  
-0.3379196928  
-1.409437034  
-1.064799032  
-0.1531914115  
-0.539380598  
0.2357643635  
0.1931537076  
0.3103189488  
-0.1950655813  
1.235662358  
1.912063534  
0.3864147366  
-0.2751867496  
0.1208451158  
0.1874377889  
-0.3773030586  
-0.482790496  
-1.391051283  
-0.9244686167  
-0.2794263855  
0.6334479112  
1.703666699  
1.833117685  
0.6986754718  
0.8189520074  
-0.2775011114  
-1.157981374  
-0.4891486203  
0.7646480988  
1.486310758  
0.8464529022  
-0.004217902674  
-0.835392392  
0.9685246008  
0.9363403946  
0.2175604648  
-0.02144783213  
-0.5655167669  
0.3033616239  
2.02454674  
-0.02777410995  
0.2131530101  
0.292668011  
-0.2866712431  
0.5500978952  
0.04891200328  
-1.329318762  
-1.602687123  
0.648338944  
-0.1449202085  
-0.5301746649  
-0.7082963061  
-0.4674185778  
-0.3427748788  
0.1110859964  
-1.548001594  
-0.3819892103  
2.238091332  
1.187720942  
-0.2962512739  
1.103977393  
0.7230635306  
-1.37936875  
-0.1227196714  
1.222587474  
-0.5130901877  
0.3124888277  
0.5206595552  
-0.1502600047  
0.1007268725  
1.671717834  
1.518949156  
1.226656575  
-1.294685813  
-1.374634654  
-1.843115398  
-2.031048476  
-0.6418556394  
-1.585115235  
-1.095258562  
-1.604133781  
0.3894921445  
0.03912982608  
-0.4545653899  
1.874883879  
3.984909107  
0.3535248246  
0.004764482819  
1.57750494  
-0.6905791493  
-0.740214171  
-0.2288866418  
0.516154562  
-0.9004188565  
-1.622168822  
-2.173848183  
-1.105115372  
-1.092572953  
-0.2070993046  
0.4726460221  
0.7080177957  
-0.2928563223  
0.04018529743  
-0.4328645225  
0.3909382241  
-0.4422302642  
-0.07984957517  
2.053343747  
1.091396959  
-0.296005912  
1.147348498  
-0.8245970381  
0.9888210785  
-0.1908875938  
-0.0778981264  
0.5879364112  
-0.1005172145  
0.04253280129  
0.06413962416  
-1.058750107  
-0.4633833833  
0.9178050107  
0.5543891205  
0.522991367  
-0.8457795509  
-0.05895519456  
-2.071821962  
-0.8669103754  
1.38375091  
1.563559072  
0.07061453278  
0.8098642523  
0.8448175586  
-0.6769291517  
2.742338392  
1.358360141  
-0.08389183619  
-1.737181026  
-0.8834041457  
0.05011738484  
0.5209577903  
-0.3912045712  
-0.916830278  
-0.05730792004  
-0.1507812863  
0.1879879267  
0.03254260998  
-0.5434189344  
-1.071055654  
0.1908400055  
-1.281386952  
1.116964504  
0.8284107737  
-2.634342609  
-0.4431237706  
0.9759367701  
1.367005132  
1.164240161  
-0.368069606  
