0.8749104628  
-1.312424387  
-0.2662999504  
-1.564576041  
1.771545743  
-1.530381136  
-0.2078605207  
-0.9755696352  
0.7659857555  
2.646513025  
0.1117402577  
1.914846931  
-2.178928583  
1.418409397  
-1.790032848  
0.09052956937  
-2.989662365  
0.6734899962  
2.199752098  
-0.9166590557  
0.4598452337  
-0.7250789998  
1.758092326  
-2.280472895  
1.024475197  
2.714985051  
0.4440706776  
0.02955555095  
0.1404510358  
2.277328966  
-1.890992089  
0.5455294435  
-0.6531076054  
2.119303412  
0.7493010733  
-1.441310138  
1.26449232  
1.303882312  
2.125468303  
-1.578906259  
-0.5181771534  
-0.7395447187  
1.841647029  
-1.719555125  
0.9194873109  
2.592010371  
0.8360766951  
0.03296466801  
-0.1282061044  
1.604837228  
-1.732292338  
-0.2035559152  
-0.693072734  
2.918356689  
1.750241712  
-1.471867097  
-0.1593685168  
-1.816146831  
1.170092878  
-1.693374888  
-0.1808278085  
0.3304014887  
0.1131118877  
0.07894954905  
0.2851293834  
1.592806781  
-0.1950137177  
-0.1077152505  
-1.758671063  
0.5224759876  
-1.182309529  
-1.692837327  
-2.899788846  
0.8182166399  
-0.2182326187  
-0.4339130125  
0.2395113309  
-0.0323041308  
-0.135650465  
0.04284152891  
-0.09037331954  
-2.691669394  
-1.92666553  
-2.187547203  
2.606132835  
-1.526133489  
1.601104621  
1.439050479  
-0.3756666734  
0.01035303765  
-0.007527540949  
1.063843676  
-1.680126705  
-0.4656891904  
-1.371327258  
1.945140825  
-1.796204541  
1.37122201  
0.9125531217  
2.705325554  
1.40753605  
0.7414538325  
2.233885913  
-0.5013290538  
0.5402133512  
-1.490392167  
0.1090332124  
0.2473915423  
0.04666518831  
-1.69967301  
2.681545756  
-2.549339864  
0.4350254583  
-0.7952059214  
1.799054657  
0.598253957  
-0.6129731205  
-0.3197703583  
-2.996706767  
-2.459480649  
-2.961350348  
-0.2962852274  
-2.558493898  
-0.6183758015  
-0.9771186526  
1.184184941  
-3.692149331  
0.6844063854  
-3.120557855  
1.248697172  
0.4013940895  
2.363653157  
1.24698201  
-0.797947109  
-1.241056422  
-1.162546967  
-0.867324742  
-3.39901447  
2.374275489  
0.8739698218  
0.2707616174  
0.5122837453  
2.208463696  
1.103990676  
1.276375361  
0.8543643614  
2.131705977  
0.01000910629  
2.351883911  
1.258483242  
0.176378856  
-3.260830176  
0.6077735997  
6.77606422  
0.6869020466  
0.1782963176  
-2.382051484  
3.532741132  
-2.886357264  
3.473121563  
-2.41900192  
-0.6836819289  
-2.06285199  
0.3456976401  
-0.8846967794  
0.3740861488  
0.6011896761  
-5.836924037  
-10.67229023  
2.267259387  
1.757383863  
-0.4528499641  
2.345045515  
-1.952327776  
3.705270731  
1.109110565  
0.6000501622  
-1.322377276  
-3.306228891  
-2.670110684  
-1.664729698  
3.940967783  
-1.988499087  
2.021072709  
0.3264455732  
3.293448669  
1.965907746  
1.387580347  
0.6529967792  
1.858152509  
0.1683260948  
-0.3148670972  
1.123391978  
1.121715352  
0.1478444082  
-0.4585707326  
-1.128545534  
-1.762209407  
1.332899121  
-3.832303244  
2.376282849  
0.5348278385  
1.738288011  
0.4791410935  
2.325727717  
0.1325130276  
2.502592262  
2.53250027  
-0.8188385667  
-0.7726062976  
-1.456781587  
1.751197165  
-4.59515616  
2.271881992  
1.463449711  
2.576869593  
0.09109026079  
3.833568944  
0.4073213812  
1.780258267  
0.6159340656  
-3.292205602  
-3.29500054  
-3.609681337  
2.703929707  
-2.878952209  
0.4646775789  
-2.69214866  
1.523098887  
-1.857876467  
-0.1114025154  
-1.09119992  
-1.961705614  
-2.481908351  
-3.319757801  
3.504818398  
-2.070672869  
2.175215353  
-0.9064255103  
0.2004230815  
-0.5440528233  
-3.355837434  
-1.723953747  
-2.075622344  
3.859780291  
-2.484236994  
1.503686547  
-0.00466747456  
1.4950418  
0.01332923194  
1.504608279  
2.01459145  
-0.2565733085  
-1.784031759  
-3.182458195  
-3.041040429  
-2.97554054  
4.185396026  
-1.019389251  
0.6182368524  
-0.1201033882  
1.010214534  
-0.2633047854  
2.968914123  
0.4508247222  
-0.1809143622  
1.685361488  
-0.2697754531  
-1.270454815  
-1.308981143  
2.46372475  
-1.485728877  
4.936525085  
-1.246210053  
2.868852101  
0.5489941995  
2.409100735  
0.2403859466  
0.1453173207  
-1.013967612  
-2.33895575  
-0.7846991775  
0.1962450518  
-0.7761908598  
-2.23776971  
3.808090427  
-2.724314478  
0.6706131156  
0.1186596409  
0.02872812659  
-1.414203695  
-2.071913275  
0.411410928  
-2.176882991  
4.553416368  
-4.198696504  
2.988446718  
1.518395057  
0.6301653759  
-0.1258559841  
0.2276832352  
-0.373699218  
0.2776135389  
0.9640877742  
-1.549579905  
-1.643405967  
-0.4623408637  
2.444685751  
-3.177014499  
4.259049879  
-0.002505061083  
1.729957931  
-3.953960502  
2.860641773  
-0.8175405845  
1.018960291  
-0.6757073072  
1.281501286  
0.1546943974  
-1.137152752  
-0.8770582782  
-0.4020020978  
-1.926671209  
-1.747543448  
2.995711483  
-3.231355949  
2.545967555  
-0.6214936523  
0.824771597  
-1.238147243  
1.90969287  
0.5785419283  
-0.516818039  
-0.2053186132  
0.4793294427  
-0.9661695426  
-2.717734611  
3.991139286  
-0.5891365755  
1.851070175  
0.6195998078  
2.252421216  
-0.9628215503  
-1.588265969  
-0.1700192676  
-0.8891875743  
-1.769681893  
-4.065076091  
4.480753739  
-3.094729458  
3.321898149  
1.535734683  
0.6227406142  
-0.6882139994  
1.488872138  
-0.5794388963  
-0.3022159099  
0.2194384868  
-1.408499154  
-0.7298465348  
-0.36501348  
-0.1585090526  
-5.101565411  
4.222865742  
0.2555790442  
1.919954168  
-0.8493659587  
2.436366767  
0.9224337094  
2.794237835  
0.5199878692  
2.078032961  
-0.2089860963  
-1.64463097  
-0.002140380511  
0.01388222955  
-2.30484224  
-5.18409099  
0.6194280489  
-3.20370449  
3.313337757  
-1.304809568  
3.562568378  
-0.2622432372  
3.306926351  
0.2620014044  
-3.219814697  
-1.270273853  
-1.108787252  
0.07433927197  
-4.775579585  
2.362589294  
-1.243326258  
0.3983320839  
-1.195839916  
0.6895085435  
-1.225469076  
0.1366582054  
0.7138410971  
-0.1308817962  
-0.2860195747  
0.2435788339  
0.8322095024  
-3.543520556  
2.222221502  
-0.8264958854  
1.156526364  
-0.6132212404  
1.16096722  
-0.3772557034  
3.140748408  
0.7332779584  
-0.7029762339  
-0.262335177  
-2.152565975  
-2.104905949  
-1.563433143  
4.349660245  
-3.412857301  
4.219196561  
0.8340932446  
1.993482558  
-0.02876447611  
1.340826432  
0.6000423921  
-3.268793429  
-2.52016844  
-1.621726311  
3.084561858  
-4.58109295  
2.468482045  
0.02667310799  
0.977681286  
-0.07858248052  
1.852712599  
0.2974188366  
-0.6627861239  
-1.031541146  
0.8213746273  
1.567401701  
-3.128477388  
4.79911371  
-1.275456421  
3.31283519  
-0.403758334  
1.998226377  
1.192905732  
-0.4826097453  
-1.911639233  
-2.91808664  
-2.215492973  
-1.300389613  
1.13873635  
-3.700211933  
5.2269619  
1.045024086  
1.709269658  
-1.022582528  
-2.631203581  
-1.795733127  
-4.588241724  
5.580094648  
-1.115884622  
2.780661217  
0.3014573482  
3.523628169  
-1.165318327  
-4.209392159  
-0.9257221258  
-1.656956659  
-3.679348134  
-3.184916495  
5.042987101  
-5.094921776  
5.828699668  
1.014234164  
2.225900471  
1.173434548  
3.846921372  
1.216049509  
2.478766621  
-0.817648984  
0.8318535936  
-0.1114667195  
-1.253311309  
-3.639014692  
-2.839893787  
4.785653106  
-4.965993713  
1.831087143  
-3.684772662  
3.322620403  
-0.2841661962  
3.243860014  
0.2961904001  
0.1278732073  
-0.06092668827  
1.694045771  
-2.805607997  
-4.644709238  
3.336217536  
-4.514133552  
4.700711925  
-4.540829608  
5.004896805  
1.269963413  
1.299345931  
0.2970045784  
2.555176297  
-0.2034246677  
-0.6331569949  
0.1343470939  
-0.5889085633  
-2.953737261  
-4.800103765  
5.363733046  
-0.1793763738  
2.638896774  
-0.3424145337  
0.3219687992  
1.179295311  
1.05879571  
-0.06268800533  
0.9547313893  
-0.05881101219  
-0.6436578925  
-0.4918287993  
-0.2859688973  
-3.2049585  
-4.760763483  
4.189324  
-4.782233933  
2.608172274  
-3.806715296  
1.914814034  
-0.02562357635  
-2.250951215  
-5.370507206  
7.068062002  
0.6469979968  
4.042029107  
1.198231414  
2.560473083  
-0.1495640769  
3.539482816  
0.9248666065  
0.8569619747  
-1.794474789  
-5.722491796  
-3.024115209  
-2.140806813  
3.256371345  
-6.007343187  
4.853495689  
1.054146167  
2.200000547  
0.1100884698  
1.467594031  
-2.879774927  
-6.604875658  
-0.1323092731  
-5.235922964  
5.067626384  
-2.667280988  
4.385167374  
-0.3093132674  
0.03276417283  
-3.215940701  
-5.939426854  
7.51891071  
-0.856684699  
3.619501205  
-0.3619366483  
-1.947330514  
-1.947625198  
0.09055046784  
-2.94756804  
-0.3139232295  
1.972830629  
2.561703026  
-2.703987651  
-6.523609265  
5.724307556  
0.4217094185  
3.786055306  
0.0861288861  
-0.3323165348  
0.8395545178  
1.137440182  
-0.4420196588  
