2.196916849  
0.2283181645  
1.761679384  
-0.5272761742  
0.1268371928  
-0.5716121701  
0.1469824908  
-0.6036972666  
-2.799166401  
-0.7652995387  
-1.109020956  
1.038850498  
-1.350818729  
0.2000595976  
-1.893373786  
-1.283857647  
1.039724408  
0.9402715537  
0.2509108287  
-1.961481729  
1.774189802  
0.2109374072  
1.270726241  
0.555770941  
1.444073736  
1.578357296  
-1.723714947  
0.9943882699  
-0.317574381  
0.6481594588  
-2.044468397  
-0.0454531749  
-0.6601954508  
-0.9450392738  
-0.531093958  
-0.2900988102  
1.438809821  
1.299722564  
3.444233976  
1.61182171  
1.210040869  
1.011753972  
0.6092386547  
0.2323216554  
-0.1205342157  
-0.002216075936  
-0.5615218569  
0.1614686326  
-1.76264615  
-0.2359557638  
-0.3071396305  
-0.5331793553  
-1.515776315  
1.47857043  
2.914302733  
-0.03157515407  
2.099345398  
0.997003149  
0.4772559934  
-0.3164015073  
-1.398062721  
0.08420312901  
-0.5933586916  
-0.6638482503  
-2.204147459  
1.025154984  
-0.901105688  
0.1363308164  
-0.7968936712  
0.7845199056  
-0.93581655  
-0.434372077  
-1.278192653  
-0.429053892  
1.186947551  
0.04735988954  
0.5262062169  
-0.3479630137  
0.1858083554  
-2.00982502  
1.568230803  
0.6296719466  
0.5541709102  
0.2313397063  
-0.4848937122  
0.1168735582  
-1.007926984  
0.5271438085  
0.2331800248  
1.646526758  
-0.199159617  
0.1485083178  
-1.72126743  
-0.07000208345  
-0.1152815046  
-0.7614565361  
0.8381273597  
-1.603236234  
-0.9168767123  
-0.7671814393  
1.359156035  
1.004048178  
1.553488069  
-0.5294470929  
0.2497264014  
-1.383900739  
1.010728507  
0.4347925802  
1.423663246  
-0.7325630593  
-1.142585293  
-1.081680415  
-1.691506534  
-0.8417423884  
0.02138703346  
1.113586269  
0.3136363154  
1.339604108  
-0.550135164  
-0.5740504579  
-1.697170252  
-1.175192561  
-0.5231405412  
0.3773799759  
1.240577937  
0.299342687  
-0.1907831849  
-0.5225268413  
0.1949316508  
-0.9874519927  
1.096158034  
0.8356016297  
2.217512348  
-0.7160283659  
0.5256312445  
-1.186605295  
0.4992780675  
-0.5264490458  
-1.272810755  
-1.006747846  
-2.216078214  
-0.1495449276  
-1.819116537  
-0.1465150431  
-1.040745005  
1.348687134  
-1.10556448  
0.01319454746  
0.3355372859  
1.867345323  
-0.4434335915  
3.527645193  
-1.917160819  
-0.5419323112  
-0.6976320412  
1.576414395  
1.925239897  
0.4793466706  
-0.8192965292  
0.2053452232  
0.1295997366  
0.5137126495  
2.553800216  
-0.5235517388  
-0.3152338795  
-0.9843829953  
0.8864380031  
-1.212004928  
2.886498823  
0.5058851683  
1.454338547  
-0.05381748713  
0.4290062063  
0.6370536399  
1.36206082  
-0.808060947  
-2.033148154  
1.582765544  
0.460118971  
2.67356359  
0.9505779095  
0.05757668514  
-1.768419205  
-3.345659663  
-2.622209554  
-3.233672778  
-0.4389806697  
-2.043393947  
0.9823053917  
-1.565680158  
0.2923800859  
0.8894019293  
3.143144993  
-0.5425027016  
0.7459000674  
-0.1956677895  
2.093053195  
-0.2032691299  
-0.2425444089  
0.01062737021  
-2.150114096  
-0.9572347439  
-1.171847034  
0.1066759087  
-1.052646301  
0.8181876767  
-0.1506508696  
2.693813873  
0.5811173085  
2.694650463  
0.5355220505  
0.1867625298  
-0.8753483622  
-0.9561646974  
1.03699724  
-1.172990876  
1.458145443  
0.5088143086  
-0.5791585209  
-1.798669465  
1.212882724  
-0.1165124722  
2.138978982  
-0.06550427669  
0.04576986187  
0.7537803509  
-1.018066391  
-0.2781874093  
-1.406325401  
-0.1654198575  
-3.138144842  
0.3141594616  
-1.15631858  
-0.7244069131  
-0.5636596612  
-1.115415618  
-0.5760669448  
-0.1345315916  
1.292173415  
-2.457305765  
1.845936559  
0.1688441281  
2.96953464  
-0.3111737359  
-0.6510853756  
-1.01757456  
-1.845864237  
0.1105885271  
-1.541858892  
1.050948009  
-1.122021383  
2.285197377  
0.8992684243  
2.178116268  
0.01040547453  
1.44710719  
-0.1789243235  
0.46121454  
-0.8737584547  
-1.401796846  
1.381030446  
-1.563481978  
-0.06003710227  
-1.834687871  
0.7936755228  
-0.9788491868  
2.438885437  
0.4576073294  
1.643144057  
-0.7898440274  
0.3510640694  
-0.9585616392  
-0.6086501629  
-0.1596370775  
-1.660901973  
0.4182624306  
-2.055511733  
-1.173611814  
-1.844947391  
0.8131773753  
-0.195720434  
2.139826036  
0.7964995505  
2.355992106  
0.275537199  
1.389938982  
0.2619363366  
-1.563418564  
1.133856769  
-0.7582816786  
0.4785987825  
-0.6865899513  
0.5976040435  
-1.694973008  
0.09992984239  
2.038662103  
0.9730260619  
0.6229501223  
-1.692751276  
1.279059939  
-0.3750818003  
0.6962756974  
-0.5114939286  
1.21582713  
-0.4060278656  
1.496464488  
-0.2203724382  
-1.266540028  
-1.675780793  
-2.866612925  
-0.8870576886  
-1.984108995  
-0.5860288662  
-2.813437179  
-0.6420513297  
-0.715976169  
2.532850467  
-0.5229362528  
1.028407031  
1.084005022  
1.676043986  
-0.7098136966  
1.379181389  
1.050255495  
0.870743318  
-0.8173023896  
-1.249864976  
0.9608864902  
-1.477291105  
1.439149456  
-0.386247752  
1.787791  
-0.05845415895  
0.8511550738  
-0.04739549966  
1.702025137  
0.3699338184  
0.6230754234  
1.000951125  
-1.027564675  
2.414556819  
-0.3261463544  
0.5367360243  
-1.382016344  
1.882347424  
-1.511497886  
-0.4624606426  
-0.002716249687  
1.286371251  
0.8532714282  
-0.9006556694  
0.8234461976  
-1.377981921  
1.904090007  
-0.528726152  
-0.1122798068  
-2.110665739  
-0.2203157381  
-1.318987761  
1.954149989  
0.26151014  
2.179073854  
-1.107887468  
-1.447571749  
-1.655992212  
-3.145509318  
0.008039420816  
-2.490026877  
-3.247346903  
-1.755874654  
1.682829737  
-1.52032616  
0.8612972155  
1.170998007  
2.573067647  
1.03220346  
1.542041758  
0.05816841221  
1.364322803  
0.129292262  
-1.881099199  
-1.465947825  
-0.8552005213  
-0.5258520789  
-0.0577336761  
2.190610675  
-0.2670984322  
2.859987018  
1.086048939  
1.385791944  
-1.094626412  
0.2144462693  
0.1788134635  
-2.05684493  
0.6623326224  
-1.673896427  
1.292965334  
-0.7353206381  
1.003076316  
-1.585647554  
2.013471923  
1.169810122  
1.259094038  
-0.1399574747  
-1.968304996  
-0.1794851467  
-2.035928026  
-0.1049588889  
-1.75637834  
1.759155137  
-1.136836233  
0.9602587214  
-0.1553962707  
1.362086066  
-2.210000904  
1.35065627  
-0.7087561064  
-0.01465015114  
0.2903665178  
-0.3082486916  
0.9412754065  
-1.218860448  
0.06003824969  
-1.218032337  
1.714357582  
0.205590295  
4.24700283  
0.9255878327  
-1.490800528  
-0.45759245  
-1.20633113  
0.8312288119  
-2.984626136  
0.006026679056  
-2.311413175  
0.08158043862  
-0.2913136764  
1.577676203  
-1.204960936  
0.5388908678  
-0.2163801044  
0.2337814108  
0.9075444702  
0.383831878  
2.973911322  
-0.6967806019  
1.094392631  
-1.255625939  
-0.3353200072  
-2.163845508  
2.024085606  
-0.4443854405  
0.05211665975  
0.707873515  
-0.6621858493  
-0.7133317223  
-0.5251802243  
3.386495103  
1.237177548  
2.446473068  
-0.762306584  
-2.486255045  
-0.9406194246  
-1.412514794  
-0.7243379267  
-0.9256325145  
1.382786702  
-0.3885591703  
1.376922428  
-0.460217974  
1.467469906  
-0.1360095732  
0.8692241915  
0.8256335545  
-1.22633496  
-1.219721638  
-1.337619646  
0.1893000106  
-1.766103417  
1.397379928  
0.4374332479  
1.50673384  
-1.59450184  
1.822361703  
-0.1030969642  
3.221620325  
-0.7102595691  
-0.9103546991  
-0.6709071648  
-1.976194081  
-2.947568708  
-1.927282291  
-1.748374135  
-0.8001014994  
1.341419794  
-0.9647628321  
2.485505166  
-1.287700167  
2.486407587  
-0.3699893461  
0.1653807145  
0.9633059187  
0.4362388638  
-0.1347426855  
-0.8127658963  
0.2889456879  
-1.111740007  
2.418659275  
-0.3377590287  
0.9930364582  
-0.5565910738  
2.596477434  
-1.518826651  
0.4969752815  
-1.060086523  
-1.541886161  
-1.570838174  
-1.05858733  
0.3505589182  
-1.500110085  
2.557857364  
-1.285200687  
2.093319061  
0.1732335598  
2.8873708  
1.900316659  
1.607816146  
-0.8359064095  
0.6232499259  
-1.244726185  
-0.352631477  
-1.460554061  
-2.312014529  
-1.883092292  
-0.307706998  
0.9123409364  
1.972530896  
-0.2991567487  
0.217272722  
-0.2711617475  
-1.990832755  
-1.529535018  
-0.4937729399  
0.3825594274  
-1.347740999  
1.043831191  
1.240125218  
3.263543557  
-0.9302377244  
1.18531181  
-0.06961653216  
-0.7578812972  
-0.6046688832  
-0.1745919498  
0.618437203  
-2.281561555  
0.6762129759  
-2.155689623  
1.571611092  
1.395662587  
1.228115575  
-0.1500561966  
0.003743228181  
-1.576073373  
-0.7517272974  
2.45985271  
-0.7726557843  
1.017668818  
1.068141249  
-0.4408637829  
-1.559641072  
-0.6023562941  
1.260948957  
-2.453841004  
1.403270498  
0.7513056495  
-0.5475417754  
0.3042067095  
4.383315354  
-0.8201239136  
1.335740243  
0.1852464798  
0.6127247047  
-1.55855492  
-1.853157168  
0.01304771514  
-2.066165358  
1.511140729  
-2.515548727  
0.9448670868  
