-1.02098031  
-2.602511953  
-0.3464103169  
-1.047918681  
1.15646518  
1.099642951  
1.280500002  
0.6783494466  
0.7493692734  
1.651576727  
0.3902242282  
-0.406068256  
-2.943420451  
0.2244099219  
-0.4854413428  
0.9997813862  
-1.826798664  
-0.6125888789  
1.244400823  
0.7314893023  
1.380005428  
1.836032734  
2.242653019  
-0.3359761358  
-0.3271769702  
-0.2402752735  
-2.112995942  
-1.173439724  
-1.683233963  
1.559408403  
0.08364995242  
1.331012908  
2.527336039  
3.997827697  
2.969972029  
0.716412602  
0.7945539929  
0.005672513391  
0.02013638158  
-3.527938971  
-1.734886059  
-1.557589495  
-0.8241324035  
-0.8616275577  
-0.9840528151  
0.9049513759  
0.2606285089  
1.695455123  
1.699565338  
3.891129249  
0.9490013334  
1.358243708  
2.007332977  
1.81171939  
1.347960198  
-2.064521239  
-0.2270621888  
0.2700902606  
2.62483547  
-0.4183057871  
-2.452905655  
-2.126267725  
-3.754276002  
-1.949968394  
-1.511679451  
0.5151406805  
-1.062409586  
-1.173251277  
-1.798983459  
0.770571345  
-0.03955977551  
0.8670941476  
0.8238046483  
2.29785465  
1.904483122  
1.268871875  
2.192317791  
-1.920360819  
-3.02352934  
-4.809071373  
-3.754440093  
-5.7057406  
-2.714636011  
-2.042276326  
-2.154132076  
-3.44839116  
-3.037864478  
-0.3920119042  
-1.31688475  
1.27387721  
1.006996756  
2.928043247  
1.488865002  
2.623892174  
2.83415801  
3.748934646  
2.085617162  
1.308766724  
2.209187488  
1.322154589  
2.855852124  
0.4102228792  
2.525018033  
-1.599429532  
0.6208752612  
-2.002301163  
0.7208406426  
-0.752792611  
-0.9505495253  
-1.396122771  
-0.2572426315  
-1.057907367  
-0.2350437347  
2.93820856  
1.480069037  
1.404161404  
-0.8177998728  
0.5619219285  
-1.626740301  
1.609831717  
1.428117646  
2.928520042  
0.5758136731  
0.08037244305  
-2.061122246  
-0.3571362288  
-2.312467142  
-2.25134955  
-1.280201632  
-2.871881161  
-1.311747498  
-0.5243288812  
-0.525022436  
-1.953160002  
1.223438602  
1.604885712  
3.153381887  
0.4669566253  
2.064335673  
1.767817545  
-0.3692942677  
1.685798818  
1.59711527  
2.872412636  
0.3645159575  
1.438234162  
0.5747474827  
2.819459236  
3.542322302  
4.340062075  
-0.7228857037  
-0.4571305652  
-2.641295403  
-4.553561924  
-5.382238603  
-2.66578657  
-5.486886263  
-2.214662461  
-4.314734933  
-1.331920547  
-1.424737583  
-2.16209732  
0.8709507813  
1.096855728  
3.288879978  
2.413342594  
4.721704196  
1.681602031  
4.802730148  
1.269927539  
1.482151968  
-1.613500456  
0.7498816989  
0.2089090553  
-0.5662829877  
-0.6539642689  
-3.516019328  
-0.2978867292  
-1.278930978  
1.360610376  
0.9145555623  
1.685817392  
-0.7645907349  
-0.6157035606  
0.7562983815  
-0.3757250285  
1.278685305  
-1.11955424  
0.4664650156  
0.8136427828  
2.005345362  
1.1832999  
2.939330143  
-2.55158087  
-3.10899209  
-4.540865168  
-1.896494105  
-3.379175705  
-1.129577439  
0.0472734799  
0.6652567171  
2.430632657  
0.1722580304  
1.301354055  
-1.472912218  
-0.08281491514  
0.258910852  
3.16568638  
0.5460611783  
2.063647386  
0.6493404476  
2.498158473  
0.4033977896  
-0.7700218565  
1.25547668  
-1.000113468  
0.3680158436  
-0.5943599535  
-2.029677889  
-3.20008286  
-0.08338222509  
-2.489793064  
0.411509616  
0.3410124043  
3.605739916  
2.99114497  
1.194038953  
0.1940317079  
-2.421770281  
-2.408847137  
-3.492478546  
-0.6592483841  
-2.644353544  
-0.7626236362  
-3.013068352  
1.045625575  
-0.7436564064  
-0.9811788672  
1.137622655  
-1.391566487  
0.4331919844  
-2.287317637  
-0.3340645941  
-1.494766675  
2.301116049  
0.9848066692  
-0.5395835883  
1.873481536  
0.1696463608  
2.163343479  
2.100917471  
3.201289018  
-1.628831287  
-2.27053024  
-4.93070094  
-2.688144723  
-2.953979397  
-0.3323993518  
-1.909385513  
-1.925079756  
1.885301111  
0.3350092911  
2.456259749  
3.012541366  
4.328572783  
3.632886994  
4.137530766  
-1.006042082  
-0.1826875093  
-3.743306527  
-1.985241125  
-2.423241732  
-0.6524632479  
-1.504069733  
-2.166530208  
0.8309379347  
-0.117375721  
0.9418840527  
-0.6494107645  
2.85212384  
1.301552525  
3.2399628  
1.704556711  
0.4257451262  
-1.518915083  
-1.597619349  
-1.1937715  
-1.947647958  
-0.2818056384  
-1.79404799  
2.254640339  
0.9594668326  
1.693693544  
-1.164960259  
0.7249094193  
-5.767353416  
-2.505457946  
-0.4786221024  
-1.917898307  
0.8070075743  
-0.8035436457  
-0.02640315193  
0.94788752  
2.661854803  
0.2924146058  
2.728980518  
1.925826299  
3.094536167  
0.8185588799  
3.013028025  
2.49192194  
2.319056859  
-0.9525266866  
-0.4708132204  
0.1290185892  
0.2426965388  
2.249550595  
1.625258289  
0.08969774712  
-2.086931471  
-0.384206108  
-2.785197335  
-3.321152775  
-4.051747134  
-1.499228312  
-4.008334965  
-0.6902454994  
0.4569841585  
-1.336908753  
1.45320971  
1.559576221  
2.109082121  
0.6021754928  
3.878559429  
0.9231004816  
0.7816900544  
-1.794262479  
0.1802149934  
-0.8077177568  
-2.498919479  
-1.412595144  
-4.259142225  
-2.641108015  
-2.84418298  
0.3094540877  
-1.209503662  
0.2510793738  
1.300286883  
3.832073124  
0.8218179366  
-0.2302954707  
0.6173997553  
-2.905244074  
-3.206534034  
-3.249057299  
-0.8181664538  
-0.1032227756  
3.211423909  
2.246363438  
3.164370802  
1.938936808  
3.338204264  
-0.2598012919  
2.213410238  
1.185444185  
-1.253381526  
-1.682436958  
-1.665313915  
-2.844201849  
-4.044518738  
-1.321011844  
-0.3754531183  
2.272342008  
1.250104789  
4.468263168  
2.716235016  
3.633831198  
1.792535809  
4.476620595  
2.050641134  
2.744816579  
0.1428483315  
-1.797154544  
-3.033890869  
-4.321564312  
-3.785391896  
-5.065187409  
-2.109463215  
-3.63540821  
-2.497294059  
-2.423037175  
-0.815398088  
-0.419378773  
-1.611119945  
0.4185942008  
0.9211656355  
0.3966443114  
-0.006210028142  
1.969974852  
0.9891681997  
3.301986139  
1.061376909  
2.187014183  
0.4685702467  
-1.586726121  
-0.7624419446  
-0.8955612371  
-0.531673753  
-1.907062275  
-0.9962618136  
-0.3356083102  
1.730962813  
0.6929632386  
3.48702265  
1.738061779  
2.725425432  
2.051600043  
3.513128729  
-1.63736383  
-2.215819977  
0.8570493824  
-1.546829147  
-1.380750469  
-3.010733403  
-0.7340697947  
-1.314003898  
2.157285811  
2.172724377  
3.967871981  
1.977659218  
-1.458633418  
-2.317616014  
-4.041460922  
-4.122646413  
-4.789383441  
-1.880852325  
-1.372457351  
-0.08265622429  
0.1528282768  
2.712566363  
1.198427803  
3.787779171  
3.924770946  
2.653862177  
3.034416697  
1.901609258  
0.6987340251  
-1.631479932  
-0.4940433437  
-1.488475581  
1.008788644  
-0.09852029696  
1.317275819  
-0.073571847  
1.836980395  
2.730230883  
-0.5537170225  
0.2483531677  
-0.8282226516  
0.4753981875  
-2.56174417  
0.1522789679  
-1.026517621  
-2.645168815  
-0.2140482593  
-1.006755302  
-1.230540422  
-2.381367586  
1.084380255  
0.5813010751  
1.668615578  
2.79614742  
4.081559759  
0.6672301073  
1.933563063  
1.708312785  
-2.381343378  
-0.7968800438  
-1.924115396  
1.269775425  
-0.842032503  
-2.557845177  
-2.802277842  
-0.4908665049  
-2.663404128  
-1.227110079  
-2.146931117  
2.433919354  
-0.03670057762  
1.975749187  
1.201050489  
0.2612662105  
1.886696017  
1.303645682  
1.876675192  
-0.3119234701  
-0.9822793895  
-3.349872244  
-1.35935046  
-1.390451076  
2.333517841  
0.7095063667  
2.907443488  
1.430360885  
2.073097701  
1.200645425  
-2.149223478  
-1.213679675  
-3.069357464  
-2.570751857  
-3.449401087  
-1.096729731  
-2.793296317  
-0.4463903055  
0.4321636945  
0.9588565896  
1.80175688  
1.325115386  
1.674549448  
1.508987191  
2.721750764  
0.9418004763  
1.307066607  
0.3727156663  
0.1726391639  
-2.445583453  
0.2845713413  
-1.801489829  
-0.1902529419  
-0.5656920321  
0.0874223922  
-1.735158622  
1.363003201  
0.1203507031  
1.375810133  
0.3552324583  
1.224629733  
-2.078180613  
-0.2926763713  
0.4886401151  
-1.826814385  
1.398530375  
0.1152252763  
1.555744993  
1.481872443  
1.092443781  
0.2837542008  
0.2344232324  
-0.7031769122  
0.7758972032  
-0.3314969764  
1.382516795  
-2.874839555  
-3.645593391  
-0.3762041113  
-2.225440438  
-1.153680638  
-0.4769677986  
1.226778532  
-0.5326144069  
3.548105855  
2.211911105  
3.410328297  
4.182190814  
1.674680363  
2.993715158  
0.06388011293  
-0.8932744197  
-4.509873666  
-1.378630955  
-2.288697458  
-3.89056914  
-1.919540845  
-2.62268285  
-0.410857996  
-1.479406799  
0.7354877477  
1.352984588  
2.119904698  
1.02400021  
2.045506368  
0.2013834961  
1.977422193  
1.955519337  
-1.314056446  
-0.1430683764  
-1.633350323  
0.7911043593  
-0.53104114  
-0.2067231773  
