1.053982845  
-3.865079643  
-1.792447214  
-2.101924532  
-1.324267902  
-0.3179365977  
0.3080766449  
1.033258903  
1.273900705  
2.481912115  
0.8427377909  
1.728182715  
-1.207165484  
-2.569064581  
-1.961930554  
-0.8143703629  
-0.9726164953  
0.6121261478  
4.225225319  
2.712485705  
6.071544135  
1.235496738  
-1.473660046  
-0.6836861627  
-0.998308211  
-1.364867944  
-1.512233043  
1.77065864  
-1.731410593  
-2.396535638  
-1.820178414  
-1.114016232  
-1.031829822  
-0.8415086541  
1.817545108  
2.801408201  
6.322529528  
2.089634892  
0.5078135375  
0.3226469154  
-0.1290811146  
-1.387067937  
-0.9840800751  
0.02903505636  
1.452266314  
2.038490648  
0.9446413126  
2.521114624  
1.88922415  
-0.01648461057  
0.81203298  
1.808727601  
0.3538028116  
-0.9356794743  
1.933336382  
-3.672713809  
-4.353201722  
-4.329809088  
-3.660734472  
-1.382919792  
-0.04605286575  
2.015627851  
-0.04428461187  
3.34295632  
-0.594838531  
-1.064825299  
-1.180297815  
2.576517029  
0.8658982645  
-0.01955885532  
-0.003237695343  
0.5895743082  
1.823672706  
2.547540403  
3.927955997  
3.478302946  
4.295023749  
-0.1101066766  
1.059425578  
-3.172272045  
-4.391963667  
-4.854360604  
-3.846117549  
-4.914014054  
-4.33431535  
-3.440148411  
-1.296818413  
1.067511769  
-1.5618434  
0.04156513101  
-1.910193012  
0.904988133  
1.233896502  
2.346949701  
1.007726305  
3.030001005  
2.579842032  
2.84089003  
-0.1623645542  
1.168929336  
2.246085009  
-2.140698256  
-2.331141869  
-3.502599191  
-2.4062845  
-2.837090391  
-1.583884011  
-2.391502495  
-2.134243721  
-2.748046441  
-0.526022344  
0.5586749478  
2.692281821  
2.299566341  
3.008021015  
5.703975753  
1.775958184  
0.9929393642  
-0.1174185454  
0.2176705995  
-1.317802933  
0.2034949941  
-1.764052852  
-2.252885836  
-3.857785188  
-2.114809337  
-3.221088718  
-0.9966975443  
-1.275558594  
3.086657824  
3.6309914  
0.7837321256  
3.854300034  
-0.5419569075  
0.7962889017  
-0.9469240831  
0.4530567428  
-0.6856623264  
1.652944499  
-0.6850974759  
0.5531129014  
0.297683299  
0.9210794967  
1.577183543  
2.969445746  
4.266695207  
1.632800142  
4.68863984  
0.7663372297  
2.76626133  
-0.8110834528  
0.153975033  
-4.84598666  
2.000911967  
-3.244234742  
-2.273331233  
-2.875821262  
-0.8976490221  
-4.556825947  
-4.251110515  
-2.899578847  
-0.443527664  
3.873693579  
-0.08472248374  
5.532649742  
1.769950107  
0.4995214911  
1.65634619  
-3.989068559  
-1.743984914  
0.5326189385  
-0.01398622554  
1.847373064  
-0.7983702467  
1.52756483  
1.393079666  
-1.280439264  
-2.199568596  
-2.490125373  
-2.328883006  
-3.771665897  
-1.8387269  
-1.926818223  
0.722289714  
-0.26934485  
2.090431228  
3.062227932  
1.369378273  
3.57649013  
-1.399860408  
1.763229028  
-0.8782480066  
-0.08754305648  
-1.136389441  
1.422682874  
-1.142656378  
-1.671736576  
-2.097588201  
0.3650783378  
-0.5452255005  
2.944189334  
1.725441728  
5.502444515  
4.344574748  
0.8148473545  
1.254494183  
-4.758993666  
-1.91000477  
-5.380237669  
-5.227419107  
-5.01190039  
-1.783093347  
-2.380812113  
1.924838859  
3.289806039  
3.713851776  
2.933496975  
0.7659832258  
2.809978743  
0.02072115926  
1.344988436  
-0.2038607681  
0.06177945052  
-2.882735479  
-0.09335076642  
-0.2006943122  
2.409658154  
0.01802500842  
3.692378903  
5.609326892  
1.385114132  
0.6026021938  
-3.539269867  
-3.658838181  
-5.15734196  
-3.695570972  
-3.711119848  
0.2307223667  
2.627881739  
-1.324495982  
-0.9529361252  
-0.470053639  
0.9363003157  
-0.1075442143  
0.3459202996  
0.2934648426  
3.679943041  
5.719976203  
1.04430132  
3.097657688  
-0.7344020549  
-1.510469663  
-4.842220438  
-2.962758913  
-5.192897614  
-3.761653411  
-4.301395528  
-2.158332197  
-1.238789479  
1.153024347  
0.8362211765  
3.289414034  
5.027179725  
2.058109852  
5.257905224  
2.287777814  
1.414476342  
1.733508346  
3.615658626  
0.908453848  
1.819120183  
-1.057947809  
-1.14611915  
-2.587206229  
1.409728049  
2.336939838  
-0.4153671853  
3.92068728  
0.6833738499  
0.4272632404  
-0.7676778285  
-2.042950349  
-4.182655984  
-3.292842668  
-3.804490141  
-2.050293729  
-2.347147149  
-2.189227412  
1.602722739  
-0.1667618438  
-0.1550568138  
0.7835037096  
2.131690539  
0.6519159582  
2.439327078  
-4.061625967  
-0.6372364871  
-0.1390162675  
1.932633352  
4.811542861  
-0.04543112563  
2.747185875  
0.2573752822  
0.009091695179  
0.2659815144  
1.378711705  
-0.6343083867  
-0.07429177704  
-0.8544998886  
2.265661996  
0.1094095481  
1.947233403  
0.7445444493  
2.387548717  
-0.9673670897  
-0.1287730216  
2.266265294  
-4.011468727  
-0.3944683288  
-4.759883314  
-3.563440226  
-4.375408667  
-4.009216142  
-4.09593708  
-2.295440367  
-2.750928548  
1.080608151  
-0.4021631852  
3.148590926  
2.597692708  
1.091042243  
5.774182399  
1.084079815  
3.057550578  
1.756596067  
2.828063125  
-0.3648421028  
1.38705625  
0.1115860187  
0.5632917362  
-1.442645076  
-5.176367338  
0.2019047785  
-4.182411288  
-5.00815777  
-3.12315882  
-1.369328891  
-2.133255269  
0.6066785546  
-0.5206966341  
3.202940626  
2.79651237  
-0.2536980194  
2.146134673  
-3.392483608  
1.608174276  
-1.439692622  
0.1265936424  
-0.1747313367  
1.470168851  
-0.007655727696  
2.547055903  
0.974751591  
3.790671838  
0.01820462065  
5.046525356  
4.115941987  
3.961920737  
1.643161161  
4.299805232  
6.202141611  
-0.6138596008  
1.753655732  
-1.890986602  
-2.677194846  
-3.87733141  
-2.568139923  
-2.75207558  
-2.168061446  
-3.257277869  
-0.7284763202  
-3.065356583  
0.04564179735  
-2.837531053  
-3.480322616  
-0.06916035149  
-4.125931422  
-3.744933844  
-3.335335567  
-0.6393181133  
-1.655467506  
0.9468889789  
0.1874523261  
4.007212924  
5.088034625  
0.9631986593  
3.300156805  
-0.9987600898  
0.8026363275  
-0.9281781382  
-0.8938510077  
-1.249894405  
0.8985689987  
-1.434784981  
2.527913163  
-0.5420790744  
2.061321628  
0.1975679878  
1.914846625  
4.540214689  
-0.2681001011  
4.052545604  
1.279135503  
0.8187777385  
0.1938490959  
0.4610628666  
-1.00343326  
-1.109485553  
-4.269454184  
0.7906433555  
-0.5274335363  
-0.15859314  
2.002377183  
-2.758170567  
-1.405740729  
-3.144012705  
-1.20380797  
-2.214702988  
0.3839640833  
-0.09978834902  
2.377753456  
3.656768008  
0.3477318084  
4.751413819  
1.635352956  
4.329518753  
-0.3305561405  
0.3443921458  
-1.210147204  
-0.5497531781  
-2.373177652  
-0.1363968431  
-1.869997719  
1.466971721  
4.042067789  
-2.063169573  
2.265617429  
-2.133580191  
-1.65487434  
-2.110111217  
-0.5074422776  
-0.1754761599  
0.5000794455  
-2.009809081  
1.177432645  
0.3152691104  
-2.738229123  
-1.512659421  
-2.883255028  
-1.024077903  
-1.679863724  
2.795833442  
0.2751594901  
3.524362848  
-0.02014987591  
-2.043341837  
1.50421809  
-2.200402584  
-3.51763444  
-2.466092247  
-1.174757881  
-1.458594549  
0.6010589869  
-0.08498320961  
3.869781681  
4.117407384  
4.764298995  
1.763772477  
4.04133408  
2.21525819  
-2.627356626  
1.743055949  
-3.241489397  
-1.053177481  
-2.010946473  
-3.108168058  
-3.441233198  
-0.9224871713  
-1.870784111  
-0.4156599462  
-0.8659306948  
5.71869805  
3.233239311  
4.493777132  
7.02368539  
1.48198626  
3.148621671  
-1.932051294  
-2.374220833  
-2.991501571  
-0.712175409  
-2.433498162  
-0.2959441588  
-1.428712713  
3.010921329  
2.460846394  
-0.1611629634  
0.9387296931  
-1.57663562  
3.130210233  
-3.254768582  
-3.517674917  
-4.359045167  
-2.096213068  
-1.915565119  
5.109757205  
2.926151706  
1.401149802  
7.865652803  
2.000172334  
2.615537424  
-1.205709657  
1.080751511  
-3.256724552  
-1.204226979  
-3.05294705  
-3.229198468  
-2.738496664  
-2.222173629  
-2.960579936  
-0.3609264645  
-1.472682519  
0.5552018618  
-0.1799023815  
0.6669069163  
-0.3564970948  
-1.424228723  
-2.591755247  
0.109712764  
-2.950710779  
2.331471845  
1.865115472  
-0.9769615713  
1.793497968  
-0.7642462992  
3.460038218  
-1.996139352  
-2.20639248  
-1.368262653  
-0.4508415228  
0.04521765258  
0.2019410506  
-1.158620709  
4.336971315  
3.440202632  
1.48943822  
3.613427283  
-2.427951431  
-2.547391871  
-2.165942604  
-3.012927386  
-3.49115832  
1.803511782  
-1.759143676  
5.376649121  
8.133989278  
-0.3078796694  
-2.055892805  
-2.606037152  
-1.842080099  
-2.531720704  
3.510376286  
4.281900017  
-3.566066222  
-2.058346493  
-4.47752644  
-3.474182442  
-2.635297318  
2.879460108  
-1.282389539  
-0.5990341393  
-1.14032836  
0.6022373749  
-1.082882118  
3.22980796  
4.912304191  
-1.348902425  
1.808345871  
-1.466618644  
2.935916901  
