1.303127309  
-3.735587387  
3.38422724  
-2.712396641  
3.022732253  
-1.873695986  
-4.105851176  
-4.055784338  
-4.494162622  
5.163244972  
-3.376623923  
3.704489304  
-2.115183726  
2.851233942  
-0.2750826694  
1.597078484  
-3.327297649  
-3.664319187  
4.339738536  
-0.1535946602  
4.665476081  
-0.4186481084  
5.772199847  
-1.457316374  
-3.893595507  
4.467411805  
-0.9840789457  
5.705216959  
-2.753411478  
4.044715104  
-2.758568195  
-1.126464604  
-3.222072998  
-2.288963404  
5.092653458  
-2.609902319  
4.544836664  
-0.01659492084  
6.200708429  
-3.29654617  
-2.283629901  
-1.369059055  
-2.051520353  
2.370488019  
-3.946704751  
4.588108128  
-0.9885191313  
5.322589583  
-2.032344618  
4.025247124  
-0.728227932  
-4.095518507  
1.337407529  
-0.7565919329  
7.887682735  
-2.459213269  
2.593448059  
-2.53033486  
-1.130544071  
4.811469993  
-3.153847914  
6.21903419  
-0.8891513084  
5.315691072  
-2.652295166  
2.148581304  
0.3349513059  
5.303357473  
-3.40507914  
1.582558869  
-2.585976961  
-2.620235338  
-3.291379712  
-3.208867914  
5.246358108  
-4.025084181  
5.348257258  
-0.6951627092  
5.733138069  
-2.493859408  
4.815004849  
-0.6885485953  
-4.77385647  
-1.884914234  
-2.853391557  
3.771008634  
-2.069308715  
8.810746749  
-1.352919099  
6.269801897  
0.7059033177  
6.32862572  
-4.744018045  
-3.822359028  
-2.189074361  
-4.776730557  
-1.912004179  
-5.342564376  
4.631188933  
-2.340703827  
5.419507205  
-1.886883615  
5.439860307  
-3.686221603  
3.286098151  
-0.4597698747  
-0.8056968176  
-1.610765505  
-5.553938422  
-2.598124318  
-4.510333849  
3.83610835  
-5.077775035  
6.469007278  
-1.98996954  
7.911074356  
-4.663641082  
2.210402823  
-1.94930501  
-4.809796502  
-1.798846937  
-3.500722869  
-1.356156765  
-3.436834504  
-0.1487435871  
-4.242445876  
-0.7004722458  
-4.955949516  
3.672445196  
-2.377751715  
4.851454779  
-2.125646727  
7.248470474  
-3.011923038  
5.600688339  
-2.195344499  
-3.551380467  
-2.746375794  
-2.636165323  
7.939179057  
-2.631344397  
6.432638069  
-2.66479728  
8.679010309  
-0.3109085846  
8.409186925  
1.365781217  
8.667387302  
3.202812376  
11.14259238  
-0.3863395928  
6.739458835  
0.1950871365  
-3.808436914  
0.9999746441  
-0.155118248  
-0.3912225029  
-5.047996686  
-1.758575455  
-2.735971317  
6.390241499  
-2.538476647  
6.199397671  
-0.6168192007  
8.429626453  
-0.9470241988  
7.584390213  
0.1555711412  
-6.430170225  
-2.345837795  
-3.575386466  
-2.412777671  
-8.746517871  
-5.230879989  
-7.983109789  
1.625326709  
-7.78955557  
4.082526865  
-4.542180401  
-5.890925806  
-5.280961515  
-5.51953955  
2.271894151  
-6.811590055  
4.163028899  
-5.615620591  
6.346657521  
-4.496608975  
5.220642917  
-1.749221473  
5.60969311  
-3.384214805  
4.894801649  
0.4974991417  
7.165412924  
-2.741875526  
0.6541588218  
-4.071993865  
-5.813738845  
-0.3092193854  
-4.701130324  
7.389303245  
-3.105821302  
6.116294095  
-1.947966054  
6.961748372  
-1.373386284  
7.590787152  
-2.291647812  
-0.292276182  
-4.307686261  
-6.100390431  
-1.332741462  
-6.058265318  
4.644779175  
-4.942184439  
5.813092013  
-3.304410757  
5.287429655  
-5.058379557  
6.197553504  
-5.004968275  
-1.721145538  
-2.604772793  
-4.046356099  
3.895780419  
-5.04759015  
3.57457155  
-3.1312678  
6.120164109  
-6.117025603  
6.168032733  
-3.265546033  
-6.730396162  
-2.043634897  
-5.508688741  
1.404318799  
-5.548828981  
5.246440046  
-4.515575685  
5.136533686  
-2.640170831  
-3.236913258  
-3.169739842  
-2.839561304  
4.918320995  
-4.108346798  
5.945151751  
-2.210113601  
8.224858687  
-0.3261859661  
9.395406028  
-2.782412667  
-3.865348311  
-0.9718418368  
-4.606193881  
-2.101239112  
-2.717899865  
8.150410601  
-2.950619968  
6.64362005  
-0.8572762799  
7.617241246  
-1.027402613  
9.197510099  
0.0590050573  
5.527193708  
-2.270725589  
2.111268933  
-0.8509733423  
-5.447954952  
0.3155711018  
-3.67405115  
5.003892395  
-5.063161256  
5.157344041  
-3.177140382  
8.369389141  
-6.882458193  
-3.152899457  
-2.137119411  
-4.260873291  
-0.8588746378  
-4.099979656  
1.011875135  
-1.620487595  
7.315684186  
0.03769295224  
10.05224711  
-2.391242486  
5.027497073  
-0.3165944413  
-5.038451387  
-0.565057773  
-7.694226884  
-1.126115753  
-5.159749777  
6.544499382  
-5.929117963  
5.925954287  
-1.705175688  
7.667607818  
-1.81538135  
6.792589116  
-1.569876836  
-1.898657043  
-1.915270111  
-5.071363516  
-3.306782944  
-5.551838973  
5.562515516  
-5.367042507  
0.2669866019  
-4.815522011  
6.569151317  
-3.856382666  
7.340953182  
-2.366874983  
7.678437171  
-3.097703897  
6.187360177  
-2.361785511  
1.864228119  
-2.305050087  
-4.162229145  
-2.003194272  
-3.268726431  
7.515830325  
-4.220031498  
6.132870429  
-2.907023012  
8.063520247  
-3.841148483  
7.988991304  
-4.191002789  
-4.612011847  
-2.691726069  
-4.422759565  
6.213921413  
-4.510062194  
6.249377073  
-3.00687936  
8.387486306  
-2.84491384  
2.77450769  
-2.668587854  
-6.869512228  
-2.738906975  
-5.864046266  
0.6219595839  
-4.745829452  
7.894903144  
-3.834747534  
7.272200326  
-1.272225883  
7.549658573  
-2.420850899  
7.70573094  
-1.310941636  
2.878488063  
-6.182871582  
-5.031154094  
-3.178496836  
-4.74195899  
6.099508267  
-4.325850622  
5.328104998  
-4.135612235  
7.372367963  
-4.494963885  
7.135255043  
-0.8787194501  
8.517393247  
-1.930543611  
5.214665916  
-3.269899474  
-4.728819776  
-2.453333912  
-4.843082769  
0.303575957  
-5.03915161  
0.8602299582  
-3.830656519  
6.429293143  
-4.462274508  
10.41946235  
-2.186728585  
1.137695111  
-3.131095518  
-6.73321607  
-2.178788599  
-5.467876805  
5.274369288  
-6.511750558  
7.499661114  
-1.383391067  
8.082978046  
-0.9710612212  
8.200239343  
-2.806378019  
4.197284063  
-6.002001892  
-6.166589358  
0.556843802  
-4.767770305  
4.559839945  
-6.039902016  
6.103472645  
-3.842884405  
6.235431247  
-1.463913283  
9.620234427  
-2.699352998  
5.180193382  
-1.389736633  
-3.343649969  
-1.043583522  
-2.486992433  
2.051569535  
-3.100662029  
7.88478407  
-3.849495057  
6.657500243  
-2.951483966  
9.957329733  
-5.373583593  
-5.959323904  
-1.86703911  
-3.840506943  
1.370776731  
-3.986980134  
8.590931375  
-4.170079696  
5.753454883  
-3.689619105  
7.74886387  
-0.5237603124  
6.134397668  
-6.458560089  
-5.141541854  
-2.909292477  
-5.631989083  
4.88571578  
-4.535902403  
7.692043598  
-0.6958754876  
9.709771899  
-4.535981555  
3.38623233  
-1.119650426  
-4.282914726  
-2.195968886  
-4.755119252  
-2.527565377  
-4.854302299  
7.901927699  
-5.308062858  
9.163763742  
-1.689869787  
-4.291921397  
-2.835891008  
-4.47047092  
5.794973242  
-3.500628125  
8.136878486  
-2.759515904  
12.02740722  
-3.031849557  
0.5416162079  
-2.490984296  
-5.378908203  
0.2240606724  
-4.791098075  
-2.496583593  
-5.664479007  
6.927832307  
-4.323719401  
6.663244709  
-4.302482757  
8.468086402  
-2.624514499  
8.795518255  
-4.380217579  
9.14503956  
-4.90408411  
-1.839796647  
-3.572784299  
-5.674985723  
-1.757372258  
-6.124712922  
0.9095964285  
-5.647476296  
5.604839564  
-3.945411212  
9.000490398  
-3.2425464  
8.58197721  
-3.247491421  
11.64779698  
-0.728767563  
-4.583028127  
-0.7616705169  
-6.243869723  
-1.673484323  
-5.79247162  
7.287625103  
-4.771218307  
6.428402105  
-3.304797572  
7.729555425  
-1.95862597  
8.339295275  
-4.66591072  
2.980366108  
-0.549049809  
-4.463252753  
6.730962469  
-3.808052129  
8.878942308  
-2.311972625  
9.045941622  
-3.031894307  
7.814616868  
-0.4164757378  
7.530771188  
-4.419152477  
4.944621099  
-5.669146322  
-6.923091511  
-0.9079870399  
-6.357102487  
-3.67725977  
-8.72624811  
-2.255222375  
-10.81041428  
-1.695062661  
5.247474048  
-0.2643165727  
-3.357318869  
7.898771441  
-5.178816839  
7.378974761  
-3.434208732  
7.188039994  
-2.79552371  
10.09148207  
-3.335130392  
9.694549836  
-0.1633626251  
-7.236792017  
-4.307306705  
-5.655525206  
-0.9874407543  
-5.739102692  
7.460493304  
-4.275340443  
7.480589903  
-5.614625027  
6.461760415  
-2.276854645  
-4.837780457  
0.6046336635  
-4.863410807  
5.427060668  
-5.509396667  
10.24115552  
-3.639216209  
0.9584490604  
-2.525629492  
-4.004984022  
6.400737709  
-5.087060335  
9.871291419  
-1.66080515  
8.207946305  
-7.005017989  
-6.432551206  
-1.172631816  
6.02694065  
-4.883968356  
9.876707824  
-0.5233027379  
-8.382396996  
-1.189068799  
-5.922582337  
4.406270666  
-4.912645226  
6.080376102  
-7.85935569  
10.51380326  
