-4.329905179  
-2.862782253  
0.7046347876  
0.4287130569  
1.977749358  
1.345733506  
2.265589379  
-3.016802808  
-1.134190606  
-0.1264986318  
1.655538055  
-0.00938593739  
-0.3014336326  
1.773613544  
2.632662322  
1.682993331  
-1.467009684  
-0.4350663827  
-2.199428272  
-0.6386948672  
-0.5553401274  
0.3577684485  
1.223000621  
1.362578461  
-0.6097140988  
0.8671163443  
3.408343977  
1.934630375  
1.129299383  
1.385448351  
0.09846947563  
1.128679729  
0.7835828616  
1.324528147  
-0.4829310487  
0.1400172488  
0.01548355274  
-0.2161842512  
1.966386504  
-0.9975427056  
0.5715303074  
1.013445856  
2.529705001  
-0.3197887329  
-1.131418252  
-1.940057984  
-0.5771124846  
-1.591553911  
-1.261247763  
-0.8533751277  
-1.259067661  
-0.6306083366  
0.6697488459  
2.797353617  
4.041841113  
2.597755895  
0.3977950417  
-0.920706127  
0.3608034023  
0.09506536396  
-0.730462  
-1.056229721  
1.042930211  
1.048038424  
-2.056139419  
-2.255078579  
-4.140766478  
-3.013548311  
-2.465746383  
-0.5501636236  
-0.9999221424  
-1.293488516  
-2.914943876  
-0.6896866271  
0.5648262971  
-0.5344070714  
-1.226175837  
-1.909505186  
-2.393023002  
-1.975906973  
-0.646819751  
-1.056660353  
-0.6358298495  
-0.3125052923  
1.377830431  
0.9343861694  
1.163124846  
0.6519317794  
0.07236125608  
2.051195699  
0.2523843756  
1.400688346  
-1.111776142  
-0.728593146  
-1.432403397  
1.779577567  
-2.056037112  
-1.474749392  
1.122111875  
2.191340843  
0.393004962  
4.038759776  
4.366373178  
-0.6000541952  
1.534108948  
3.260937013  
2.708279565  
1.73043884  
1.032175413  
-2.608037596  
-1.355425489  
-2.332496856  
-2.893393294  
-1.692641985  
0.1050040732  
1.240492341  
-2.352250477  
-0.4877469242  
-0.9879382172  
-0.8721365736  
0.8031858129  
4.648111235  
1.38281293  
3.940953674  
2.278347919  
2.353026237  
-2.786646528  
-1.477218592  
-2.198237363  
-1.081565622  
-2.038158717  
-1.974134591  
-0.6411626644  
-2.889234148  
-2.266296087  
-1.864134902  
0.8567579394  
-2.555976344  
-0.2835975796  
0.882432981  
3.255014186  
0.9064120281  
2.718583025  
2.515405045  
0.4807193116  
0.1632663075  
0.3341285678  
0.1092431296  
1.373008466  
4.341332599  
2.671074538  
5.381019614  
3.521195295  
2.317390504  
-1.741427434  
-0.3032021406  
-3.131259705  
-0.2893454026  
-2.255508742  
0.1356581822  
1.898762348  
0.4792271551  
-1.119945819  
-1.174159782  
-0.4084055417  
-0.3822172008  
-0.304885075  
-0.7280151737  
2.70131889  
-1.893741774  
-1.901825934  
-1.290555558  
-0.07037603098  
-5.450100316  
-3.26699425  
-3.797614854  
-2.718090617  
-1.772324622  
-2.199414763  
0.5153020684  
0.5221550754  
2.31725791  
1.93962626  
2.846627795  
2.346163337  
3.416251216  
3.375653452  
2.382134015  
1.248406368  
-1.579414284  
0.6182192348  
-3.001520146  
0.2789967985  
-0.05729112378  
-1.678342625  
-4.396405083  
-2.979634777  
-3.549983663  
1.374443672  
0.6110687241  
2.731175871  
2.29280541  
-1.503317803  
-2.497891979  
0.7715261099  
0.5229330044  
0.661247377  
1.918504695  
0.2006150773  
0.2399859634  
-0.1876428106  
2.396812413  
-0.4968111648  
-0.4655365251  
0.8523955399  
2.131848207  
-0.3440694975  
-0.9332572864  
-3.692421548  
-3.820180068  
-0.7994306641  
-3.567461458  
-2.010467523  
-1.472907017  
2.153368439  
-1.051334855  
0.5896832991  
1.007230051  
-0.4092897392  
-1.886292232  
-3.554801147  
-0.1940233323  
0.8683051139  
1.744379386  
-1.365580814  
0.3288225499  
0.3581600685  
1.945466854  
-1.809409706  
-2.255005949  
-0.03754019949  
-0.8205220682  
1.754077265  
0.8849244967  
2.254905657  
0.2769094071  
-1.00613836  
0.5346694766  
0.8972952572  
1.817077586  
0.53358864  
0.2686536239  
-3.269413545  
-0.1941447525  
-0.3307094208  
3.410432664  
1.21524173  
0.6293684036  
-0.2278569607  
-0.1977341434  
0.1766120625  
-0.3051863385  
-1.303389657  
0.8374972207  
-0.9413036461  
-1.492933068  
1.008218101  
-1.721467785  
0.1293445525  
1.458641304  
3.817871757  
2.346263414  
3.489711512  
0.2558524432  
-0.6679706013  
-1.611209379  
-2.292136307  
-1.479196635  
-3.296743118  
0.6327668643  
1.122227775  
2.47079006  
2.484237106  
2.241469486  
0.08775582778  
-0.1518141679  
-2.469565023  
0.6624608753  
2.35890619  
-1.863640898  
0.04879014681  
-0.6079764354  
0.348434666  
-1.137255595  
-0.1889788882  
-1.170355316  
1.13377879  
2.832081754  
-0.6967274551  
-1.261579068  
0.6139906095  
1.420062922  
-1.249771585  
0.157401885  
-2.897367755  
-2.34323808  
-0.9477133317  
2.789587056  
-0.4781143467  
0.5277922662  
-0.4838638744  
0.2905044962  
-2.414949404  
-0.4656301693  
0.7041178115  
0.06339101139  
0.6659972306  
1.913530439  
4.164080673  
0.6318887662  
2.463263075  
2.793067821  
1.455114511  
0.6923492045  
-0.01933551942  
-4.850773379  
-1.986777394  
-0.05772851291  
-2.827013308  
-2.110085538  
-0.7351886157  
0.2773146306  
-2.106768062  
0.948011328  
-0.5958381396  
0.2965333592  
-4.494437115  
-2.186265053  
-0.7169319765  
-1.377960534  
-0.1864372324  
2.447474788  
2.858594454  
1.547605285  
2.228691725  
1.02852536  
0.6869501213  
-0.5081564817  
0.003107055237  
-1.239504879  
-1.434073964  
0.6308094735  
0.3676476695  
-1.184037867  
0.4191856355  
3.0129605  
2.198685096  
3.249698747  
0.7619413942  
-1.92495348  
-3.719593498  
-1.050581108  
-4.520729049  
-2.668390143  
-2.674791931  
-1.167027569  
-2.411412204  
-1.333404686  
0.2009384406  
-0.6053801483  
-0.6573215685  
0.8965686744  
2.117773403  
0.07484383398  
3.675365274  
3.464300663  
1.677521942  
-1.447704632  
1.98287029  
1.168736071  
2.156782203  
2.170332666  
2.41041853  
-0.2539380113  
0.5637629689  
2.127838163  
-1.094302613  
0.6149207604  
-0.6614405627  
-0.7359230166  
-4.322894114  
-2.72409919  
-1.55763494  
-3.089057697  
-2.74394283  
-0.8966130081  
-1.804132477  
-0.9167240402  
2.161486418  
-0.3650073715  
1.062659766  
-0.5509587679  
0.1762199908  
0.7617692703  
2.152658782  
0.07898016807  
0.3528328671  
1.051817685  
0.8303321981  
-1.434402486  
-0.4340916185  
0.8371004741  
-1.743577714  
0.07463594077  
1.692453041  
1.241231068  
0.8414920972  
3.495019149  
-0.6957921101  
-0.2866870013  
-0.101937933  
1.534713958  
-0.9223284591  
-1.400758038  
0.4369789577  
-1.676731649  
-0.9144408281  
-1.340285391  
1.439483712  
-0.2954041798  
0.9810571936  
-0.7678067934  
-1.889532251  
-1.856771974  
-2.531348501  
-1.340176617  
-0.6601852826  
-0.5974870298  
-0.001065418908  
1.148713719  
-1.283446921  
-0.266698619  
1.126139167  
3.156899434  
1.641296945  
3.433496661  
4.735031974  
0.5155799546  
1.38940286  
0.3930868429  
-1.310280036  
-0.7596778291  
2.346052785  
-2.424865326  
-1.931242859  
0.09243695024  
-1.349737168  
-0.206843235  
1.292974442  
3.21332372  
-0.2148687729  
1.033713679  
0.5758269281  
-0.2558514667  
-1.225983657  
-0.9851136974  
1.389800021  
0.2150333058  
2.552092278  
1.911533468  
-0.624889062  
-0.3954468109  
0.9014729659  
-3.02913579  
-0.8040415755  
0.05152230547  
-1.804537474  
-0.7829004337  
0.3902679967  
0.5376587227  
-0.8503731794  
-0.8121325666  
-2.288007408  
-1.120470483  
-1.576089192  
-0.6541531267  
-0.7731748885  
1.81641426  
-1.368148015  
1.171034062  
2.802326383  
2.174087353  
-1.799646394  
-1.157917016  
-1.485173382  
-2.97556177  
-0.8086736418  
-0.1621909973  
-0.4816765776  
0.437576122  
4.572430229  
0.4938846394  
2.353428015  
-1.14138544  
-0.3846557409  
1.097113545  
-1.510071541  
-1.714098842  
-0.7191760569  
-0.6442434242  
0.6409561107  
2.814555081  
-0.2063379889  
1.009015514  
0.8455451921  
0.985069199  
-2.201488623  
-1.795314501  
-1.886308756  
-3.142614543  
0.477782386  
-0.381779838  
3.259700881  
1.037649102  
3.483397764  
-0.8549079961  
-0.385564277  
-1.089368121  
-2.136387506  
-2.518402198  
-0.1117417446  
-3.515143385  
-1.705113171  
-1.178888817  
1.251352365  
1.13600392  
3.104352881  
1.257192662  
1.571000018  
1.931628572  
1.716749782  
1.647113537  
2.176170375  
-0.2953972137  
0.8090041249  
0.9922264475  
-0.2562454529  
1.359397964  
1.223215616  
0.5615976388  
-1.632770725  
0.2479232596  
-1.776863592  
-1.383861089  
-1.207948503  
0.03369907255  
-0.7853987071  
-0.3361277663  
3.201944854  
-0.0155953604  
0.4068062245  
-0.557003275  
-1.019433367  
-0.5660760171  
-0.01303586458  
-1.477539777  
1.387358955  
4.395381219  
-1.315390095  
0.1575501484  
0.1550209291  
-0.3594992192  
-0.5238106748  
0.5634125284  
1.619532474  
-0.5710125493  
1.616568662  
0.599893415  
0.8112508766  
-1.925964411  
-1.264891699  
0.03107293849  
-0.04690856647  
-1.486234717  
0.1574683783  
-1.538205457  
-0.4340731279  
0.2520669864  
-0.9628022427  
2.088511887  
