0.7098286265  
-0.07953020772  
-0.3374205733  
0.8668624401  
-0.4972110272  
1.646978209  
-1.820238917  
-0.4833476452  
-2.682250497  
-0.2576341854  
0.7802146741  
0.07017929181  
0.6130728164  
-1.52133835  
-0.2067250006  
-3.351918571  
-0.5441265178  
-1.15585259  
1.135093581  
2.751537625  
3.710957906  
3.203865353  
-1.047006022  
0.4630867623  
-1.08996969  
0.1737004366  
0.8107367328  
2.17086107  
0.2167902738  
-1.208430631  
0.01613694477  
-2.855484991  
0.1658114554  
-1.788477343  
0.07173063379  
1.582858551  
2.771273966  
1.913118268  
0.8254275537  
2.444454147  
-0.5693498708  
2.764466376  
0.08237471238  
1.559590589  
-0.01589785739  
2.142427452  
2.535889872  
1.531289868  
1.021148177  
-4.138058472  
-1.003299657  
-3.272082145  
-0.7501657699  
-1.008750957  
0.5133449068  
0.2131826413  
-3.500081221  
-0.5324790476  
-1.828742806  
0.4612307796  
-0.4047464343  
1.821480936  
2.818269866  
2.281940692  
1.215624359  
-0.05986521845  
-0.1348855308  
-0.5395856076  
-0.9912340546  
-2.615653663  
-1.324953913  
-4.252839847  
-0.5139285655  
-1.641589193  
-0.02301787624  
-0.7853619618  
2.14291474  
3.1810489  
3.224610761  
2.484641759  
-1.507905665  
0.5508561345  
-1.595036207  
0.9973209698  
-2.240700618  
0.4232584732  
-2.175831604  
0.03197438198  
-0.6791870723  
-2.995069528  
-0.6991285863  
-1.849505597  
-0.7818631218  
-2.7834398  
1.764257255  
-0.8645589832  
1.472436973  
-0.3956437979  
2.351920638  
2.897696283  
3.415576488  
3.984331204  
0.8103029637  
1.634567129  
-1.388085959  
0.9377701366  
-2.841626504  
0.5489536589  
-4.227887752  
-0.4199849887  
-4.324427547  
-1.916010421  
-2.64073496  
1.022368101  
2.442501278  
0.9323676443  
2.483410273  
-0.9348527999  
1.947438388  
-1.2955624  
2.498223312  
-1.752259621  
1.362736772  
-3.305520716  
-0.119033042  
-2.714939739  
-0.2383045929  
-2.92220426  
0.4947055295  
0.6606194273  
2.805100712  
3.475534135  
3.959972317  
2.511011028  
-1.110979849  
1.419604586  
-0.9898187694  
1.219711181  
-1.807861462  
1.16235761  
-2.095236127  
-0.5970779503  
-1.411366893  
1.193129483  
0.4880680641  
0.1769232007  
2.090460817  
1.900272992  
3.127687513  
3.034653202  
3.598468017  
-1.823813875  
-2.232481761  
1.86412112  
3.03007205  
-2.85702649  
1.810691138  
-3.267151816  
-0.314124856  
-4.553279753  
-0.6234383643  
-0.1471875998  
-0.934597078  
1.977389894  
1.73440826  
3.354767237  
-1.131299335  
1.999509406  
-11.10378931  
1.491104925  
-3.215554089  
2.066930146  
-3.388724693  
0.9926040814  
-3.277560302  
-0.7013524936  
0.6432582989  
-3.404557467  
-1.042620133  
-5.233957568  
1.673356035  
-2.2109287  
1.271881934  
-1.358739847  
1.37297674  
1.378963717  
2.030944575  
2.145770216  
1.009925497  
2.07048128  
0.7577250319  
0.8153947242  
-0.2572424679  
2.197974182  
1.977029057  
2.707241331  
-3.626697964  
0.8438413737  
-3.100385026  
1.55849522  
-1.44455066  
1.006236047  
0.8321227577  
1.623891878  
3.684344128  
2.299896699  
2.825847812  
0.8177897614  
0.7028966893  
-6.415864407  
0.8734037555  
-3.585319777  
0.8908156937  
1.113349195  
2.077862472  
2.235408703  
3.710482948  
4.389899939  
0.2874352345  
-1.398646785  
-4.782152362  
-2.950649719  
-8.752505514  
-1.950630293  
-4.327991397  
-0.4708216878  
-4.261266488  
0.325474978  
2.197275063  
0.9885887635  
1.109701785  
-0.9498902108  
2.471074085  
-3.591411339  
1.086634253  
-2.511648571  
0.5144813659  
0.04647005643  
0.611333239  
1.187671558  
-3.353870151  
0.3207980201  
-4.815654198  
1.177776938  
-3.541624534  
0.948370041  
1.875879121  
2.462934735  
2.78805514  
1.380901148  
2.509343895  
-1.10643725  
0.7633589382  
-5.704600368  
-0.8106986224  
-6.973235882  
-0.2033907263  
-3.392776547  
-0.4256094735  
1.146533044  
1.217313476  
2.634705251  
2.591794175  
4.006796824  
2.372784296  
3.664567443  
-2.340392485  
0.3682329554  
-4.572164351  
0.6561734052  
-2.601824767  
2.012984468  
-1.388615693  
2.28638736  
2.412533776  
3.803720804  
4.250862406  
2.750856613  
3.817948998  
-1.741303816  
3.412944484  
-1.294553206  
3.853393425  
-3.247780398  
0.8634965823  
-4.117122619  
0.4534317088  
1.648256095  
-1.219256815  
-0.306464321  
-5.351890314  
1.11654348  
-3.446114082  
2.073344397  
-3.658452578  
-0.5922693718  
-3.494425752  
0.08812418384  
0.2625911263  
3.579476248  
1.595595716  
3.317234058  
2.327171174  
-1.137389643  
0.3327750015  
-0.9748234501  
1.019900567  
-2.387245165  
0.5111732438  
-3.276390334  
-0.1852024242  
-3.821311374  
0.6407457496  
-2.82209732  
1.127888423  
1.109750658  
4.003033812  
1.780462319  
2.637123134  
0.872207463  
0.5708650326  
-0.01154643528  
-4.101628324  
-1.169816717  
-3.650258299  
-1.150974074  
-3.565154717  
-0.1714337345  
-1.396240046  
1.728063098  
1.795249754  
2.208181025  
-0.07670610907  
1.806880609  
0.8861593185  
-2.306843306  
1.212538292  
-2.479830486  
1.182238014  
0.9016637837  
3.04789754  
1.802730331  
2.211438983  
0.7405819453  
-3.672051336  
-1.092328538  
-3.78619973  
1.142574761  
-2.677357549  
0.6039696206  
-2.921210294  
0.903525761  
1.408188134  
2.140852289  
0.4263364688  
2.222217792  
0.5108250837  
-0.8312578824  
-1.212711099  
-1.118503002  
0.4315112835  
-1.956561906  
0.6976794906  
-2.38064169  
1.217608014  
0.6201247569  
3.375737256  
-0.6493006795  
0.7269352338  
0.2722538912  
2.448875677  
0.03813404627  
0.3928859633  
-0.1501029195  
-1.843078014  
-0.6579754441  
-3.673717775  
0.2137692875  
-3.088361498  
0.8719356111  
-1.544807744  
1.789561638  
-1.616467971  
1.965594563  
1.837182009  
0.3445228048  
0.05762925504  
-2.196471558  
0.6586238504  
-3.673897311  
-0.04658834156  
-2.878600678  
-0.3319013782  
-1.123378611  
1.498124294  
1.272126657  
1.442072555  
0.7138482488  
0.8228075339  
1.250527184  
-1.14645968  
1.00026752  
-2.941208248  
-0.2647537382  
-1.25521708  
0.5974414106  
-2.667461215  
-0.3961725344  
1.130802112  
2.950520445  
1.643179252  
2.488915489  
2.158417599  
-2.132285343  
0.0877601265  
-2.941214531  
0.5515722563  
-1.44905546  
1.706301456  
-0.4096984403  
1.891594823  
2.677273958  
3.21436331  
1.105459147  
-0.5970335556  
-0.4322458267  
-4.144918882  
-0.2690863053  
-4.110104606  
-0.07988031326  
1.741066057  
0.9430312805  
0.5703646771  
1.878331229  
2.572138138  
1.885395558  
1.032295118  
0.1161618071  
1.831498613  
-2.362346042  
1.271760692  
-3.447165224  
0.4856952169  
1.952809231  
3.77831249  
1.85440509  
2.054985996  
1.460969453  
-4.003324459  
0.426229099  
-2.719552816  
0.8330836076  
-3.305986096  
0.2762875566  
-3.806336456  
0.4364901067  
0.8123807039  
-1.673212014  
1.012250887  
-2.628269014  
0.806548115  
-2.963266626  
1.181973571  
-0.434355556  
1.221602187  
3.281778041  
0.7481220244  
0.4154461444  
-4.538154872  
-0.6562787468  
-4.180353183  
0.5426289165  
-4.643850254  
1.382481018  
-2.590069846  
1.888153439  
3.88556666  
4.105784931  
1.34505671  
2.450454421  
3.60130055  
2.570986711  
0.8689052396  
-1.078940685  
-1.431276536  
-6.327981583  
-0.8404343778  
-4.393188765  
0.2712941549  
-5.130844389  
-0.5915670806  
-1.358922815  
1.647322953  
2.895696811  
2.53112335  
3.151057243  
3.100146986  
2.807086071  
-3.056513728  
0.1048919432  
-4.717370645  
1.141289619  
-4.451991968  
0.7244074094  
-2.182155706  
0.3265297235  
3.002577144  
2.827253494  
3.767378859  
1.353260667  
0.95574151  
-1.447945628  
0.1221642742  
-4.508173587  
1.943353777  
0.4239035343  
0.7782717906  
3.47302129  
2.722152177  
3.623926982  
0.5294103123  
0.6048502544  
-0.01358882098  
0.9251723854  
-1.29385819  
1.633982416  
-3.60536346  
0.3573472431  
-5.783196697  
0.4848411216  
-4.874443945  
0.1329221275  
-4.527217788  
1.058445161  
-6.244043471  
1.504332942  
-2.754126263  
1.298751751  
-1.653688147  
2.444173824  
-0.6607896277  
1.344839459  
4.481030866  
3.505271879  
3.832911671  
1.737284266  
1.843025729  
-5.065501635  
0.2423769845  
-5.039251585  
2.175530949  
-4.141564548  
0.8906863313  
0.7428654647  
2.259499518  
2.939120033  
1.942117508  
1.608925533  
-5.142148828  
1.998283143  
-4.374472711  
0.8960440066  
-2.264492817  
1.377869003  
1.82313596  
2.356332648  
1.413209702  
-5.066825228  
1.804474889  
-3.327186421  
0.6416533979  
2.480698081  
1.571968328  
1.286179943  
-2.318577192  
0.980415888  
-6.966152304  
0.9902851048  
1.793457924  
1.557639067  
-5.025374501  
1.197828871  
-3.883468919  
1.15021819  
2.427193017  
1.08369667  
1.575274808  
1.422226193  
0.5573853505  
-0.3169218966  
