-1.089897306  
2.01783397  
1.704865153  
-3.336953238  
-1.310353053  
0.9164738377  
0.4766689784  
-0.3036413569  
-1.793087327  
2.25630582  
0.7833051654  
1.498391052  
-2.960467655  
-0.3272295858  
1.148039377  
2.218381128  
-0.9792595386  
-3.05882258  
-1.206579334  
1.628075924  
2.104694481  
-2.009358626  
0.1060054408  
0.3175393194  
-0.5628872217  
-0.6687599288  
1.670792793  
2.806877094  
-2.778715593  
-0.8102818591  
-1.111843144  
1.483938103  
0.2615120097  
1.319640318  
2.443122405  
-3.558496088  
1.210783763  
1.570757551  
2.473640785  
-1.459993244  
0.3410981509  
0.3647240371  
-0.04557637347  
0.3560926103  
-3.546751275  
-0.18755168  
1.222578951  
2.170368752  
-3.856563583  
-0.7926598985  
0.9972021371  
-0.1141229331  
-1.683023789  
0.02722323441  
4.021258015  
-1.960972684  
0.8153538833  
-1.806670604  
-1.42981876  
0.9331223302  
-1.82923665  
0.7510163598  
1.967492946  
2.703174602  
-3.154776875  
-0.6570114899  
4.009644578  
4.171444877  
-2.234235436  
-1.970447619  
0.4971031064  
1.323280287  
-1.432495541  
-2.31058168  
0.8220824951  
-1.818441587  
0.5156501571  
0.5414091384  
2.891750514  
-2.596739851  
0.06398749145  
1.881942874  
-0.1091908627  
-0.9330793986  
-0.3821554168  
0.7886339923  
-2.43639693  
1.969625931  
-2.238313969  
1.445750156  
0.8735066791  
2.182069339  
-2.19755196  
0.004530588962  
-0.3925468786  
1.735638915  
-1.54806668  
-4.581366212  
-1.968920949  
0.6814414901  
1.809784067  
-1.345502772  
2.359874849  
-0.5165213776  
0.7235536523  
2.731749108  
2.744503563  
0.9825878874  
2.054461975  
-1.202083459  
-3.697765147  
-0.3490200284  
-2.630052475  
0.8986143973  
-0.04549175905  
2.131563029  
-3.155134964  
-0.6043874704  
2.114439564  
1.665151735  
-1.143086833  
1.777956571  
0.04979195501  
-1.58619093  
1.255594063  
1.942924489  
-0.5020432351  
-4.661672604  
-2.354092309  
0.3272334437  
1.75577561  
-1.691803125  
0.9655097309  
-2.49294255  
1.530717166  
-1.253365814  
0.7459858295  
-0.3476273327  
-3.522476025  
0.2466292779  
-1.237222985  
1.221549549  
-1.889940318  
2.683838382  
-0.112055407  
1.12550827  
1.503198646  
4.211215866  
0.4225063354  
3.88738891  
-0.2408486727  
-0.2921129369  
0.9517111286  
1.91401673  
1.174783664  
2.222890337  
0.2932238949  
-3.121080932  
-1.85821085  
-0.1919993658  
-0.1339896875  
-1.767443599  
1.295928031  
-0.6238669403  
2.757443693  
-2.267478268  
0.2160944824  
0.3885338626  
0.01902143294  
1.737412042  
1.73019493  
1.431963589  
0.7600998605  
-0.2993076093  
-3.294221198  
-0.5613248512  
-3.427689922  
-1.201572331  
-1.096288546  
0.2769217784  
-3.26680871  
-2.994498742  
-0.5577828602  
-1.402618152  
0.9464943024  
-2.415614813  
2.171552941  
0.1442969717  
1.887457335  
-0.8837961142  
2.799871831  
-0.6309772366  
-0.1267267856  
3.407488557  
3.517479702  
-2.265964808  
-0.6879954538  
-0.04384309724  
0.5489004698  
-1.191330469  
-2.460619751  
0.4085816271  
-0.7158475899  
1.962014641  
1.88676186  
2.332349429  
-2.464465  
1.514263529  
0.306218685  
0.9161645381  
-1.774590446  
-0.03480315439  
-0.5792515273  
-3.986425878  
0.6146342807  
0.0113762259  
3.748529223  
0.4960654999  
3.304068887  
-1.639481636  
1.015371746  
-0.909090097  
1.381940183  
-1.032296852  
1.008102698  
1.156249146  
-4.31946201  
-2.352430797  
1.047957518  
3.421671391  
-2.803862577  
-0.2315871417  
0.9893929086  
0.2678530563  
-1.890039064  
-2.858555387  
-0.4518285176  
-0.6781523756  
2.611665699  
-2.392472352  
0.3063213124  
-1.73540151  
-1.521025703  
-2.456397528  
-0.88932956  
1.149647089  
-3.798775426  
-0.1410147299  
0.8027929028  
3.533639283  
-0.6205288119  
3.248413629  
2.01593405  
1.257905139  
0.1860542965  
1.120638096  
-0.5666618183  
-1.575401393  
2.299144102  
-3.187421021  
-1.046522805  
-2.067520642  
1.548988109  
0.9774678118  
3.436995304  
-1.275373926  
2.10806139  
0.171148863  
2.253319767  
0.5932292529  
0.2506390498  
-0.1289241893  
-0.07531998085  
1.546719952  
-4.489273392  
-0.07747907445  
0.7985930841  
4.073010447  
-3.819197851  
-1.956453231  
-0.09141967025  
-0.2391078771  
-0.3334778122  
0.6819870732  
-0.06671199032  
0.2425083765  
1.296938608  
-1.336252773  
2.557476547  
-1.893498674  
-0.6585670271  
0.9685028719  
-0.4560156962  
-0.9838683231  
0.01142894936  
0.3530742665  
-1.897182217  
0.8276082794  
-2.339717397  
0.1442198136  
2.755224285  
1.563451419  
-1.462890709  
0.6024570819  
-0.6606450524  
-0.2042561194  
-0.2770445804  
1.720920531  
-0.3742585114  
-3.368183963  
-0.01079402291  
-0.1252794073  
-0.9492605464  
-2.222983486  
1.743030691  
-0.7954055717  
1.785630172  
1.752533441  
3.593236446  
-1.460150176  
-1.102560625  
2.126667765  
1.357924143  
-0.6862997413  
0.8990062262  
-0.4717303966  
-2.822792274  
1.145443399  
-0.9931686308  
0.8115311314  
-0.3612198201  
1.99586759  
-2.131414522  
0.1338419231  
1.931799113  
0.8707667712  
-0.8884031951  
-2.871391069  
1.513172516  
-0.07980950529  
1.028359723  
1.818663091  
1.84045096  
-2.369943629  
-1.040110125  
1.485429741  
0.7077493912  
-1.246454461  
-0.8143207497  
0.2631836081  
-3.412750155  
-0.1372097316  
-1.353679447  
2.844793433  
1.697875733  
2.228081606  
-3.146378028  
-0.836553605  
0.4417617484  
1.084337556  
-1.202802407  
1.389557116  
-0.6629086862  
-4.731894216  
-1.401784313  
0.1059460121  
1.994538525  
-1.559876347  
2.679951945  
-1.685507912  
0.6845975303  
3.191851994  
3.143850911  
-2.187090215  
-0.6973112497  
1.982068127  
1.273826506  
-0.6547864104  
-3.059629324  
0.2278518922  
-2.162276762  
0.8368312286  
0.6373519327  
1.88843888  
-0.7185270546  
2.647692134  
-2.322857843  
-1.037019077  
2.054473128  
0.1364670993  
-2.520990991  
-3.37302504  
0.824545519  
-1.468374572  
0.3385889742  
3.080340299  
2.075366878  
-1.388111786  
2.593934939  
-0.7718223247  
0.5220598405  
-1.225053359  
-2.709476585  
-0.05266490124  
0.8439817594  
0.7728000851  
-2.35016242  
0.8046202139  
-1.299678501  
2.139158372  
1.305179139  
4.015705743  
-2.58124808  
-1.949169433  
2.330600402  
1.124063294  
0.0943290024  
1.434342337  
1.043589063  
-2.664127467  
-0.1020856996  
-0.3690804161  
1.75543412  
-0.5109015676  
2.114770875  
-1.073685827  
-2.568681267  
0.04937256884  
2.223261038  
0.1581559484  
-4.852775617  
-1.33986176  
-0.4343810558  
1.439764  
-3.54822398  
-1.660225444  
0.04739516372  
1.579903523  
-1.826814521  
0.4453582332  
-0.2895160471  
-3.364219518  
1.251671241  
-0.376552341  
3.087939843  
0.6983586168  
3.658544995  
-2.409716588  
-1.140084406  
2.986880282  
1.280542787  
-1.663168809  
0.9136939329  
-1.12484272  
-2.758340911  
2.945076924  
-0.7384905233  
3.044711615  
1.252441684  
1.10214293  
-0.8577037326  
-3.116848108  
1.540841766  
-0.6630498778  
1.880627904  
0.2537017931  
2.769102832  
-3.282570062  
-1.991931993  
0.2135449395  
-0.4451581066  
-0.5763035111  
2.287331381  
-0.5532691875  
-2.296653926  
1.660030961  
-2.262158722  
-0.8552669336  
-0.8334551821  
1.511031451  
1.71682031  
3.851122361  
-2.733692189  
-0.996199397  
-0.7559806099  
1.508534855  
-1.246053654  
1.843907611  
-1.529996684  
-3.171498179  
1.020821206  
-1.223138473  
1.376624983  
-0.8089980578  
1.993909686  
-4.03107299  
-0.2154542385  
2.266651555  
2.618416015  
-1.25941445  
0.8385656149  
0.755374125  
0.4677932071  
-0.1967139823  
-3.514442716  
1.778260589  
-3.085474385  
0.4254863849  
1.871127019  
1.792285822  
-2.139015547  
1.296094965  
-1.774659663  
-0.2720888887  
2.180898586  
1.165703539  
2.695528854  
-0.3403187451  
1.800857612  
-2.869411853  
3.28089278  
-0.4003930926  
0.7706274689  
2.176966181  
3.759407102  
-1.631395459  
-0.7899181369  
1.409298661  
0.3777541071  
-0.9853135281  
0.737828453  
-0.9384480597  
-3.68985019  
0.9671145941  
-0.7707106151  
-2.378829733  
0.1602307978  
0.1037197257  
-3.115584061  
-0.1769566163  
-1.669591214  
1.555827758  
1.746671157  
2.073946007  
-1.861918485  
2.622333589  
-3.544445981  
0.2099355558  
2.824490159  
0.470804087  
-0.9227917827  
0.6699181985  
0.3424231442  
-4.296759247  
-1.548178626  
-1.905731732  
2.494085984  
-2.23939993  
3.218547259  
-0.3306667453  
-2.663454991  
0.9447181368  
-4.370051426  
-1.834889359  
-0.2398253156  
4.348754562  
-0.6196736738  
2.727188963  
0.9963256024  
-0.5175346944  
2.602051913  
-3.593032276  
0.1083049277  
-1.523485891  
2.308573708  
1.544049936  
0.6102250507  
-1.887198253  
1.506977162  
-0.2896276454  
3.134833326  
2.912480172  
-0.8660448847  
-0.3160091446  
1.191957054  
1.429670644  
-2.961536274  
-0.2352649236  
-3.00776556  
-1.517607239  
