0.6954899632  
-0.8245574842  
-0.4209443546  
1.349195878  
1.158606324  
-1.202891948  
-2.585285223  
-0.5049428395  
1.187267654  
1.358088097  
0.6992605045  
2.212480135  
0.2870151543  
-1.723835198  
-1.940680903  
-3.181097349  
-1.127532209  
1.208746643  
-0.07286573398  
-3.158531724  
0.2377672815  
1.115802908  
0.1046664314  
0.391600992  
0.7389489013  
0.4675434213  
-1.315120066  
0.454808296  
0.3100368629  
0.7370339497  
2.085254565  
3.539295338  
0.8347978989  
-1.47380171  
2.170763389  
2.27647189  
1.340010045  
-1.283327343  
-1.769375936  
2.180162734  
1.627474536  
1.143842585  
-0.6391386442  
2.205261143  
2.237051055  
0.7040679735  
-2.811956953  
0.4105728622  
0.03742475222  
-0.4466994381  
-1.502116355  
0.7745163297  
0.4819926481  
-0.5270254746  
-1.296835694  
1.267508684  
2.966541955  
0.8205136352  
0.2139450306  
-1.531118571  
1.306963882  
0.08888450143  
-2.048251919  
0.2292596887  
-0.9177969258  
0.1950538667  
0.169815011  
-0.5238299865  
-1.864394711  
-1.52382901  
-2.129314962  
-1.021103842  
-0.4415114657  
0.6848746856  
-1.311428604  
1.513528469  
-0.0889968642  
-1.437936837  
-1.184851637  
-1.836894218  
0.2854251076  
-1.084149192  
1.311802948  
0.434756924  
-0.8602993457  
3.441561816  
3.330520156  
1.739822519  
0.844829072  
0.9193763976  
-0.9554589584  
-2.872247729  
0.230841786  
2.50047544  
0.05950586729  
-2.983213802  
0.8800551097  
1.390662218  
-0.1814046314  
-3.631059905  
-0.5089433874  
-0.9787033204  
-1.727834307  
0.5254882612  
1.490722827  
-1.493877937  
-0.7107642372  
1.463360983  
1.155930667  
-0.4931354411  
0.146985794  
-1.88894339  
0.4981078451  
1.067706938  
-0.5172912366  
-2.219130149  
-1.29583967  
0.5813708363  
-0.9221790608  
0.8516311926  
1.156527396  
-1.872201996  
-1.177001839  
1.838137292  
-0.1457873867  
-2.401277632  
1.37169951  
2.238706547  
0.7113069611  
-3.047839156  
-0.1324855619  
0.8109064323  
-1.405650232  
0.1750335838  
2.26960747  
1.068069443  
-1.062759964  
0.6954402634  
1.558736126  
-0.09427436589  
-2.428849125  
-0.4157916958  
-0.003960695448  
-1.200451216  
0.2053281313  
0.814023468  
-3.22923852  
-0.02880562131  
-0.9381464899  
-2.81136487  
-1.268054178  
-0.4131496457  
1.274747997  
2.51215058  
0.1841714432  
0.2017775773  
1.145699984  
4.135158667  
1.140942547  
0.4131365223  
-0.9094939548  
1.535673745  
2.225356212  
-0.4965599159  
0.6794240977  
0.4571453065  
1.503923575  
-1.229603259  
0.6342704773  
0.2930133575  
1.798145881  
2.013996397  
-0.6486397177  
1.335031324  
3.550529977  
2.505472491  
-0.9867143781  
-1.843445462  
-3.225530054  
1.84108372  
1.101529034  
0.9954683505  
-1.351932192  
-1.907505425  
-1.386013795  
0.5726952968  
0.09099890672  
-0.8373104182  
0.9706513879  
-0.5761519416  
-2.484806886  
-2.883317566  
-0.7064598706  
-2.033918305  
0.665093641  
0.08373619354  
1.051656818  
-0.9718231226  
-2.741672732  
-0.726673778  
1.251970581  
-1.295240884  
-2.278893345  
-0.03422830252  
-0.01310422272  
1.469185981  
-0.6227356831  
1.033558844  
0.5944893339  
3.290739819  
-0.2447779175  
-0.2044458538  
1.995490641  
3.293314824  
0.7310210311  
-3.471518078  
0.03367411549  
0.4354103774  
1.27966646  
0.02810793259  
0.12739949  
0.8271153175  
3.443465242  
1.790841315  
-0.8387746668  
1.913334317  
0.9626112964  
0.0009304143854  
-0.9344057444  
-2.176531657  
-2.646483655  
-0.05867637748  
-2.834181266  
-2.476572749  
-1.324624915  
0.2430270808  
-0.12264471  
-2.222645979  
0.6924867673  
-1.24248469  
-0.2052027399  
-0.4901134382  
2.974821449  
0.7136176197  
-1.494965562  
-0.6786556507  
0.2685271995  
-0.504383525  
-2.705107157  
0.6315221369  
-0.5108024773  
-0.7543810935  
1.402615194  
3.310653532  
-0.7813934295  
-2.007647368  
-0.5237476932  
1.280627902  
1.203495939  
0.510534107  
0.02317171935  
-1.130944114  
0.7045517004  
-1.590092587  
0.9891192783  
0.4468494937  
0.006366837703  
0.4821552894  
0.3918531642  
-1.39829908  
-0.8841932342  
0.2468635957  
0.3491613904  
1.797659437  
0.8978713692  
0.8951124949  
-2.057321913  
-3.928493171  
-2.94759517  
0.5153227728  
-0.4689862361  
-1.127447642  
-0.1360553665  
2.169566159  
-1.258785412  
-0.1024265762  
2.861480046  
-0.09273822626  
-1.337482839  
0.430776108  
2.153263751  
-1.122951267  
1.798284697  
0.56581724  
-0.3547117359  
1.474665614  
0.8710373985  
-1.218608899  
0.4425771454  
0.9652115159  
-0.8120827284  
-0.1100880686  
0.03093492386  
0.121203637  
0.1385522763  
0.9235432167  
-0.4443979334  
-1.864284843  
0.3344515191  
0.7210821174  
0.165311919  
-3.822636563  
-0.5777406639  
0.5905972443  
-0.8642755259  
1.691314873  
1.214533103  
-2.014857153  
-3.821535127  
-1.322073293  
1.107075273  
-0.9670683222  
0.5994099232  
0.4419167596  
1.194326621  
4.536428114  
3.028513565  
-0.2702652751  
1.659753049  
1.528119099  
-0.4587384743  
-2.801363606  
0.05705403168  
0.8464184058  
-0.128710929  
-2.298128178  
-0.9531508194  
1.091599778  
0.2981375143  
0.8935215527  
0.1675069243  
-0.6870162206  
-0.3819385388  
-1.046184239  
1.450919792  
-0.6087035982  
1.401055089  
0.1604006314  
-0.3908908944  
2.565615718  
2.387269897  
1.581561771  
0.4261901308  
0.9063869159  
-0.2147488996  
-0.5217493787  
-0.9212350424  
-0.365239108  
-0.9709670657  
2.125190349  
0.2869420754  
-0.36189508  
2.151631235  
1.579695338  
-0.3635030233  
-2.810070591  
0.3895111259  
0.0762966378  
-2.487737726  
0.3830187993  
-0.1992430048  
-1.974442603  
-3.639458891  
-1.732587741  
0.4131064655  
-1.795864017  
-3.285430604  
-2.332229363  
0.542526243  
1.843570111  
2.045127644  
2.53215897  
-0.9246831145  
-1.068903774  
0.3524774041  
-0.4604694134  
-0.921421709  
3.124841733  
1.166233294  
-0.1791944219  
-0.8713841411  
0.8671583835  
-0.2290231336  
2.234873435  
1.94130122  
-0.7328900321  
2.340893621  
-0.05264165664  
-1.793236845  
-1.474284585  
0.8983280656  
2.738833678  
2.438784796  
0.7072821518  
-3.79243512  
0.1198246439  
0.529865227  
-0.1913561314  
0.2619577773  
1.392691512  
-1.439839285  
-3.980811613  
-2.786664827  
-0.07605187731  
-3.236631295  
0.7648737699  
0.4830673232  
-0.6553767024  
1.920733706  
-0.2138405911  
0.2699379573  
-1.792552556  
1.088909568  
0.8249757707  
-0.643762788  
0.9255026408  
3.348729182  
1.741517949  
-1.192064593  
1.279327221  
1.605590687  
-0.5100696914  
-4.365258161  
-0.05328008527  
0.5492607591  
0.8581682685  
-2.460411481  
0.8414303366  
-0.34742696  
-1.250498215  
0.7089614155  
0.7365372145  
0.8516549554  
0.01157662653  
-0.8287942478  
-1.234229691  
-2.159955216  
-2.685236354  
0.5812207126  
-1.250020227  
1.305803022  
0.3009514749  
0.2220703034  
1.481132976  
0.966266476  
0.4810010509  
1.549654071  
1.909935773  
0.1753692637  
-1.14165801  
0.5512309277  
1.79936456  
0.1795882762  
1.146029886  
1.408764612  
-1.334588309  
-2.177727216  
-2.148263389  
1.138877001  
-1.501864203  
2.940106981  
2.302930894  
-0.6009801352  
0.896395348  
2.089012451  
-0.04196363843  
-0.6272213768  
1.154108254  
-0.106599842  
0.821531445  
-0.4591946862  
-2.611031905  
-4.258951955  
-0.7379166209  
-1.357090184  
2.861795129  
0.7347857488  
-0.8979462951  
1.177059982  
2.752365454  
0.3273934673  
-1.311769776  
-1.4860705  
-2.369900636  
-2.912338671  
-0.4330514833  
1.027024442  
-1.574581856  
0.8207212012  
-0.585628428  
-1.344644095  
-0.4714242308  
0.649784803  
2.189758314  
2.326372057  
0.5276326808  
0.3606717049  
-0.03418196704  
-1.165929305  
2.887385742  
0.3793923513  
0.0344100073  
1.188810095  
2.374066283  
0.06083915837  
-2.145386007  
-1.533510075  
-2.225616767  
-2.341911338  
-2.542615258  
-0.106737886  
1.001379868  
2.240617913  
-0.06863740144  
-2.465246185  
-2.680030571  
1.020402189  
-0.6994657742  
1.677915591  
0.1579156588  
1.1302093  
2.928413839  
1.722903379  
-0.3811420113  
-0.4533629716  
-0.1270863432  
0.1424254584  
2.387179237  
2.50712611  
1.802178968  
-0.6336629718  
-1.304159489  
-2.993865516  
1.37154419  
-0.2194190496  
-0.6329418888  
-2.248046048  
1.941876662  
-1.936728233  
0.7395990606  
0.8460676365  
0.3276029781  
0.08773580501  
0.0852920252  
0.7478660313  
-2.517146761  
0.02782103754  
-1.525351116  
-1.96748912  
-1.310220573  
0.9568729143  
0.7415571906  
0.7719911  
1.169540453  
-1.524088486  
-1.51680629  
-2.244221069  
-2.154403269  
-1.24499022  
0.2065691427  
0.7795565558  
0.06448109217  
1.062235063  
-0.9072428047  
1.820605119  
-0.2767151288  
0.642779126  
-0.2150825101  
2.376953959  
0.6604385836  
1.833001579  
0.3654548686  
0.4671581852  
-0.4535183726  
-2.902413178  
1.202778853  
-0.0403516042  
-0.5366440539  
-0.4315582383  
0.4894404151  
