-1.178894654  
-0.2810576216  
3.836581944  
-1.718726145  
-1.814094422  
-0.7983416687  
1.929772264  
-1.001885896  
-4.625017664  
4.446270838  
1.205266737  
3.06198941  
-4.849287882  
-1.46943377  
-0.6087587841  
4.449305705  
-0.3575954581  
-1.683316967  
-1.321535209  
-0.4010312267  
3.211653685  
-5.28593615  
-0.02823340322  
0.4122789423  
0.4133572496  
-1.063544876  
0.4573820071  
4.060403885  
-5.014506708  
-0.1706684597  
1.178545664  
0.8225041676  
-0.3680721928  
2.04178654  
3.662133117  
-0.7448832301  
0.617786385  
0.2601487961  
5.581671964  
2.680802115  
0.4786568842  
-0.04282431693  
2.016161964  
2.341444113  
-1.758202095  
-0.4744501695  
0.4077112419  
3.974708491  
-6.337744725  
-2.490080959  
-0.02723633496  
-0.5595922664  
-4.782441308  
1.461125089  
4.161767962  
1.046993565  
2.556962109  
-5.4931662  
0.1610733975  
1.174682525  
-0.1303431123  
-0.4939833182  
0.09229125564  
4.503189267  
-2.849078688  
-2.844731383  
0.3068425303  
3.748835151  
-2.380846142  
-4.204878238  
-1.476156983  
2.84745119  
-4.99654981  
-3.094324399  
3.649236191  
0.5093450524  
0.1952657364  
1.061608248  
3.794978014  
-2.960590138  
-2.579930568  
-1.18642459  
-0.09805124838  
-4.645777664  
0.7978416492  
0.360667497  
-4.933266632  
4.20054705  
0.5586656133  
1.387547087  
-0.3744754906  
3.377052006  
0.779547712  
0.389012777  
0.1946691389  
0.424761864  
0.22752911  
-4.023243492  
-1.108982323  
0.2777930643  
1.313641864  
-2.975047991  
4.843581261  
1.351406658  
-0.9351896722  
-1.042909673  
1.692513699  
1.522195877  
3.689827422  
-3.316561797  
-4.107619442  
0.8161332402  
-1.149407884  
-2.638675682  
0.8355951724  
4.782879691  
-0.5735142376  
-1.049253268  
-1.13972784  
0.964806454  
-1.765628018  
0.6850208266  
-0.1790578225  
-2.395361224  
-0.1044052806  
0.1638764461  
-0.3532084174  
-3.953133487  
-1.162571063  
-0.6663032711  
1.063917988  
-2.071795903  
5.426720017  
0.695360832  
0.7627600261  
-1.461884361  
1.907695579  
1.226697889  
-2.673459018  
2.438533256  
0.6642180503  
-0.4526766788  
-4.370527083  
4.849040103  
0.5157360466  
0.4234141688  
-0.1776426003  
2.364470526  
0.5080043922  
2.734488861  
-1.598756048  
-1.243407997  
0.6475535751  
4.154302799  
-2.720909771  
2.91034434  
1.197850069  
-2.601787729  
-3.519952541  
0.9743994984  
2.852543312  
1.186870137  
0.9052405007  
0.09646280304  
5.035419296  
-2.536506104  
1.130057378  
0.2023356296  
-1.187377944  
0.07641572297  
1.498890772  
0.64352722  
2.588330442  
-0.2855987551  
-2.561713275  
-2.621062796  
-5.45184913  
1.711300537  
0.4709711279  
1.158403879  
-5.848939669  
-0.07495302148  
1.349883129  
-0.8983981056  
-2.067171017  
-5.137249465  
4.857426126  
0.8198481864  
0.05060247831  
-1.02841628  
4.293979009  
-1.19790344  
-2.459821618  
-0.4261985213  
3.787529146  
-2.46961341  
-1.564702828  
-1.102943125  
-1.425811325  
-1.650338107  
-5.020840034  
2.185454447  
0.5326280156  
0.524321298  
0.3306689066  
2.383069909  
-5.687358748  
4.803839465  
2.322198632  
0.4027501562  
-2.876700195  
2.212226161  
0.3457071789  
-1.837487065  
0.9112542341  
0.3188744832  
2.369231167  
1.94339479  
4.4285663  
-5.102577936  
2.949525502  
0.8757479325  
0.9677407654  
-0.1254933211  
0.3773391968  
1.442640034  
-3.513653934  
-2.656792739  
0.9580200852  
3.435371216  
-1.786151989  
-1.518485316  
-1.719600779  
1.697677631  
-3.063910043  
-4.303015092  
1.099396244  
0.4653262827  
1.492267141  
-6.187967313  
4.085787038  
0.131269672  
-1.246421293  
-3.576097559  
1.596480049  
-0.1036628185  
-2.395072691  
-0.4699642423  
0.379102112  
3.930185946  
-4.261342401  
4.920328876  
2.000439663  
-0.0416535582  
0.0006012375114  
2.224028416  
-2.112829227  
-0.2330972411  
2.403995438  
-1.660675455  
0.339029978  
-0.2713106369  
1.456539403  
1.176344259  
3.981796971  
-4.432228512  
4.563509201  
2.082677592  
0.2502242333  
-0.3359076044  
0.1225435288  
-3.259247216  
-0.04205018813  
1.102455211  
-3.390961239  
-0.5835564119  
0.05694557317  
3.547675308  
-1.350118138  
-2.707885686  
0.3203363657  
0.9714318113  
1.724713323  
1.73407586  
-4.10408994  
2.406256791  
1.021390707  
-4.998635527  
4.806653019  
0.5477580403  
-1.624093053  
-0.664445183  
0.5025957035  
-2.775275722  
0.7687568457  
-0.7632635084  
-4.718629798  
4.231468299  
-0.1852601922  
0.2955004631  
1.300307557  
4.684950731  
-3.383346235  
3.983180653  
2.507211061  
-0.2705256269  
-0.740664042  
0.1073373424  
-0.07897319938  
-3.433435781  
0.7951515974  
-1.332300628  
-2.798731372  
-5.31853324  
1.529503827  
-1.035375405  
0.3726346692  
-0.05765986463  
2.886843947  
-1.286691187  
-1.777603592  
0.7360559558  
3.200050966  
-4.420988905  
1.747693869  
1.249850764  
-3.059145532  
2.226699799  
-0.3816915601  
-0.1935974234  
-0.4645865355  
5.659876765  
0.2910445374  
-0.7710193422  
-0.1703409588  
1.706476137  
-0.5856363422  
-5.312325284  
2.746743396  
0.1438699841  
0.6978688147  
0.5049353377  
4.234551821  
-2.206788185  
-1.878657946  
0.3844929074  
1.154042275  
-3.266808079  
0.2577272378  
2.037254875  
-2.595604521  
2.584572214  
2.188145601  
2.100514643  
0.9191708847  
3.060471619  
-2.514535257  
-0.1258371085  
0.5452948487  
0.216079962  
-2.201771125  
3.454560701  
0.8788825443  
-3.630656635  
0.858531856  
0.1487292943  
0.8777257619  
-6.863346732  
2.140858008  
-1.836547173  
-0.7374488013  
0.8177983673  
3.393677452  
-0.6288294899  
-2.352177031  
-0.2707945864  
1.746208358  
-1.969434179  
-2.210961751  
1.832421806  
-1.575480999  
0.9071651266  
1.341479673  
-1.062684186  
-1.768014255  
4.533489957  
-0.114213856  
-1.528509608  
-0.6745917347  
0.7821157614  
-3.812920946  
-4.528249356  
3.00318109  
0.4458205816  
-0.09535938704  
0.9275237902  
3.713623682  
-3.94652751  
3.797038802  
-0.4587615841  
2.915300089  
1.678461917  
-1.353896919  
-0.1027266333  
0.9475859246  
2.64519941  
-2.941214879  
3.046490189  
0.5376987903  
0.7073424115  
-1.141437197  
3.242351622  
-2.116835603  
-3.931357596  
-1.540077786  
0.38613018  
-3.56094703  
2.062340995  
1.846867337  
-3.120248859  
1.951653975  
1.098993362  
1.559435905  
-2.705778027  
4.344597321  
1.057040445  
-1.774780632  
-0.5062392759  
0.5649556855  
-0.8342050127  
-4.828387713  
0.843396738  
0.1809873414  
2.650306981  
-3.516305236  
-1.096866564  
-0.9241280105  
1.799912299  
-4.675476764  
1.219673232  
1.219522009  
-2.035830011  
1.290627665  
0.1476761991  
0.9492785604  
-0.5426065092  
3.811614184  
-0.7437729625  
-0.7635206735  
-0.09153063767  
1.44336753  
-2.084492943  
1.555078341  
-0.3283318744  
-4.06554215  
3.669969602  
0.890765164  
1.384731936  
-0.2912837402  
1.778374566  
-0.2449235455  
-4.755598816  
2.063828547  
0.1941719135  
1.933089376  
0.3450225592  
5.004082339  
-1.166802034  
-3.528681122  
0.1677093693  
-0.1071327617  
-1.268520798  
0.9042682357  
-1.911428205  
-4.74662746  
3.977826696  
-0.5699859171  
0.9933432426  
-0.2329611716  
0.01231589591  
0.9336262226  
4.200284879  
-2.419394068  
-0.9115910563  
0.6285541933  
1.565821595  
-4.381880405  
1.166700201  
-0.1083906855  
-3.829080339  
0.08651420683  
0.07080584676  
1.587468835  
-0.168093492  
3.494640583  
-1.485237087  
-0.3530867842  
0.3444974794  
2.426246705  
-3.603051296  
1.017391454  
-0.677808505  
0.03085152595  
-0.6738437029  
-4.901850477  
4.314915816  
-1.108468405  
0.5010132338  
0.9097375303  
2.94177093  
-5.091934956  
3.559247969  
0.9433642167  
0.08236142661  
-0.6507160083  
1.2220146  
1.241149852  
-1.440400463  
3.691295743  
-4.149723171  
3.787179897  
0.9937801484  
0.2330621751  
0.7747010172  
3.662918511  
-2.449289797  
-2.312191767  
-0.3317683007  
0.7415617139  
-2.573623394  
1.671624671  
0.753107266  
-2.460068746  
-0.1042016781  
-0.535665434  
-2.432526843  
1.145396475  
0.7035235765  
-2.596267439  
1.899606115  
0.749617543  
-0.2914656035  
0.9014745717  
3.301813411  
-2.079299091  
4.741191807  
-1.878333758  
-1.365645462  
-0.6728607434  
0.8643341398  
-3.384835298  
1.139180101  
0.7400633395  
-2.60002156  
0.8270171928  
0.02165132804  
1.355301901  
-2.845661102  
3.213845428  
-1.482615702  
-3.372392732  
-1.065822819  
-2.697585239  
-1.378749978  
0.5251870214  
0.7117663482  
-0.4148934471  
2.49771336  
-3.260544696  
-1.454894927  
2.016754831  
-2.857668423  
0.7558877435  
-0.3150282246  
0.972216153  
-1.218943899  
1.349784461  
-3.88088614  
4.407305376  
1.137199232  
1.104384895  
-0.8615018839  
0.7755210776  
-1.589157997  
-1.464169329  
4.279121672  
-3.168624766  
3.13376173  
-0.0525425636  
0.1899949939  
