1.848518362  
-3.024332543  
1.550040266  
2.659613883  
0.1866001088  
-3.3613887  
-1.713067806  
-0.1426015866  
1.539726014  
-2.604488674  
0.4150277024  
0.3146971508  
1.431861923  
0.6726904553  
-2.839455718  
0.731630576  
2.364259226  
1.290473872  
-0.4148703184  
-2.865636634  
1.517524066  
1.203145933  
0.2848036958  
-0.1033817942  
0.824997581  
0.4092789608  
-4.371656334  
1.647910308  
1.609753277  
-0.3411947905  
1.848806385  
2.960823842  
-1.878568598  
-3.67875923  
0.6696805568  
1.146557843  
1.93952036  
-3.066721245  
-3.165311535  
1.063535302  
0.6259405892  
-3.991992714  
-3.588547521  
1.908234018  
1.104976518  
-0.7868844914  
-2.028597102  
0.9332404527  
0.5488342774  
0.1584640922  
-1.135300458  
0.07851867757  
1.178862426  
-1.751558673  
1.06896855  
0.3252566419  
-0.03022728523  
1.166330764  
-0.1220852867  
-0.7825740662  
1.471167597  
0.8043815422  
-4.571551071  
1.52521822  
2.50538549  
-0.1593510307  
-4.026946117  
2.093093163  
3.118593631  
0.009647108385  
-3.09265381  
0.6220720523  
2.677510167  
0.2341801124  
-2.144831772  
1.514136551  
1.4047896  
-4.18152871  
1.775054656  
2.994319429  
0.4150462559  
-1.926447946  
2.087131981  
1.354740887  
-3.581367425  
-0.1226491501  
0.371867856  
1.015818861  
1.952189265  
2.507733875  
-2.590553873  
-2.668805277  
2.347606153  
2.929814316  
-2.856946712  
-3.334568069  
1.255470429  
1.449295793  
-0.3768465197  
-1.140390414  
1.575721017  
1.519871574  
-3.816551596  
0.58150345  
1.536511149  
-2.571648691  
0.9884375543  
-4.954859595  
1.059189343  
2.4173208  
0.6013944673  
-1.801090076  
2.142480597  
1.429361122  
-2.849156954  
0.05893849248  
3.036817278  
1.023758745  
-3.448874759  
0.2307087783  
-1.407748625  
-2.089940545  
0.4666378331  
0.7535238085  
-4.152483573  
-1.818221125  
1.233097338  
1.583399678  
-0.4582331895  
0.1267357702  
2.418210273  
1.148538021  
-2.084546878  
0.7828543542  
1.527883264  
-1.918962955  
-3.687610075  
0.9842162889  
1.874762625  
-3.535560321  
-0.3096623351  
1.155629734  
0.6980679098  
-2.313223873  
1.075588133  
0.4381200747  
-4.078253277  
1.719120524  
-1.627133979  
1.609558696  
2.469475086  
1.978279775  
0.0574488305  
-0.6125059169  
-0.1182189157  
-3.11920896  
-0.4061214413  
0.7948740516  
0.5071494243  
-1.767323719  
-0.5502460182  
2.279494154  
2.77500791  
-2.898330241  
2.050257208  
3.128264017  
0.6333406342  
0.8932579776  
1.544027073  
-1.373592117  
1.84831335  
-3.822135328  
-0.6937876158  
1.051280008  
2.396753105  
1.379531803  
0.9055659836  
0.3615858661  
0.1978618082  
0.6839319092  
0.158262668  
-0.9539804725  
-4.020851817  
0.3547669548  
0.7047617392  
0.9153515681  
-2.92081654  
1.120769358  
1.421713401  
-0.6434656084  
0.06313150514  
1.876290571  
0.7176659199  
-2.834513254  
2.337998127  
2.294021705  
0.785729069  
-4.568218093  
-0.6378138843  
2.177857619  
1.908749357  
-2.025166876  
2.314864099  
1.794845915  
-4.754988392  
1.35586565  
0.8720485352  
-2.374696804  
1.24720096  
0.4969827346  
-0.1316428737  
-3.333431309  
1.118796523  
1.609403322  
0.8259674898  
-2.497623633  
2.471911058  
-3.884374917  
1.12613489  
1.676322842  
-1.162974554  
0.7755159207  
1.515576281  
-1.09839263  
-1.589077403  
0.9350930281  
1.982901672  
-0.5743465293  
-2.752377293  
2.322198315  
2.691539403  
2.195297087  
-3.89071479  
0.6500514257  
1.672902412  
0.343470414  
-3.520348898  
-0.4092922452  
1.406711949  
0.4661678274  
-2.250505312  
1.9843201  
1.15753804  
-0.164487951  
-3.08420986  
1.352102385  
2.258543889  
0.9703782826  
-5.086657976  
0.9644042308  
0.9563743224  
-3.242491108  
1.312721188  
1.123944329  
-4.516237008  
1.18859025  
2.069862197  
-0.1092854552  
1.126922514  
2.74704451  
0.2883503668  
0.7111505476  
1.469743805  
-4.305753418  
2.268931494  
0.943075078  
-1.401598168  
2.583734966  
2.410500257  
-4.659115296  
1.129565965  
1.506319086  
-2.360784853  
1.304189472  
2.547221469  
1.047109003  
-4.0725696  
1.665043246  
2.729684809  
0.9570580462  
0.6602837147  
1.717958257  
-5.682462294  
-1.463106097  
-0.3484595788  
-4.243156785  
0.2442168926  
1.814195747  
-1.440268694  
1.892795541  
1.391275773  
-1.070405152  
0.7809698246  
2.250644947  
-2.700095062  
1.916761836  
1.214780013  
-1.944751396  
0.6392524964  
2.048303168  
-4.381481117  
1.875858104  
1.214313432  
0.05414838481  
2.064254005  
1.861189255  
-3.808270401  
-2.335740252  
1.584734086  
0.6027808871  
-2.473403365  
-0.6987614579  
0.808051546  
0.9725078987  
-2.968380628  
0.7563248695  
2.690991619  
-2.645065079  
0.001142040861  
1.400148428  
0.7483218694  
-4.475191431  
1.255013158  
1.828871786  
-3.019665489  
1.53500508  
0.790227487  
-4.230372875  
1.229668698  
3.046983416  
0.1654300441  
-0.7044365954  
1.664905548  
3.03278524  
-4.669883255  
-0.7870621908  
1.735565515  
1.223389379  
-3.049166925  
1.594275071  
2.113570894  
-5.383284614  
1.588460872  
2.221012907  
0.57727447  
-2.9199025  
0.9853106538  
1.789492105  
-2.135007651  
1.007548678  
1.007629269  
-1.283308466  
-0.6599459859  
1.888307824  
-2.303010627  
2.527953071  
2.068764052  
1.014567439  
0.1413241602  
1.380458894  
0.7678470904  
-2.423545838  
1.313026432  
0.8687995421  
-1.815344929  
-1.355973293  
1.679315519  
1.172893962  
-2.944144717  
0.5083717351  
1.145905398  
-3.802245691  
0.2493822415  
2.22084795  
1.794194641  
-4.374024943  
-0.4073819886  
1.276326215  
-0.7277534425  
1.926841115  
1.143226775  
-2.531249007  
0.09153505587  
0.8584935117  
-1.477870014  
-1.585697671  
0.9279098405  
1.199131496  
-3.568613908  
1.320620663  
2.570946598  
-0.09946462859  
-3.137097942  
1.601582768  
2.449003493  
-3.777087955  
2.023604859  
1.455621671  
-1.093934807  
1.840921973  
-0.5063050849  
1.921326233  
1.332846713  
-3.111920897  
-1.18439488  
0.8171580285  
0.9553047313  
-2.197625353  
1.575804613  
2.353986385  
-1.946515337  
2.051289412  
2.322344804  
0.2821262314  
-2.702107352  
0.6796778061  
0.6289972699  
-4.156964058  
0.9435437899  
1.440047776  
-0.4408326085  
-0.4153593751  
1.188883769  
-0.449138261  
-2.946307242  
1.603659652  
1.147406935  
-3.416460943  
-1.613913703  
1.350025752  
1.190161307  
1.049748575  
-2.276458019  
1.805372214  
1.896655225  
1.55245585  
-1.612408801  
1.150723839  
0.8561148255  
-3.345687637  
1.033203578  
0.2844614445  
-4.309537946  
1.64673196  
3.412736093  
-0.0207285153  
0.5181884376  
1.334873553  
0.5852513456  
-3.844723876  
0.9835244746  
0.2426799626  
-3.308123591  
0.7993432815  
1.872516311  
-2.351103861  
0.4477488923  
1.926524754  
-2.77620991  
-3.196628461  
0.8988819994  
0.4860800225  
-4.827837467  
1.40571122  
3.333047311  
-1.543531012  
1.095025953  
2.490949848  
0.9250153773  
-1.394485265  
0.613477591  
-1.245787584  
-2.348709094  
1.341380532  
1.11176904  
-2.231231086  
1.130835268  
0.6520352682  
1.952783477  
3.135362825  
-3.322017318  
2.234771856  
1.973127271  
1.356254264  
-0.7322042757  
0.4045760645  
0.2842772076  
-3.35659133  
0.6150144042  
0.3262163006  
-4.505250996  
1.299421269  
1.922816592  
-1.72767569  
0.5772468148  
2.091730726  
1.534114414  
-4.914810947  
1.171443333  
0.8230881503  
-1.745838642  
2.069564869  
-2.297139233  
0.2192185984  
0.6461561895  
-2.578844171  
0.2053184005  
1.632747471  
-4.252271484  
2.171487356  
1.231044307  
-2.476834728  
0.8002929889  
2.098041372  
-3.764549239  
0.2079335377  
1.81252361  
-1.521560091  
3.492129616  
1.277901867  
-2.181224592  
1.648991915  
2.111110982  
-3.993754605  
1.899178991  
2.540286145  
0.7294105941  
-1.995808722  
1.00447585  
0.7787126858  
-3.148559094  
0.9960272238  
1.147966618  
-3.910844362  
1.124729618  
1.399082069  
0.1023422197  
1.355122968  
1.002266922  
-1.632229463  
0.6706261365  
1.501150599  
-4.829414899  
1.818147035  
-0.4730450013  
2.04244218  
0.8782807717  
0.1421723551  
-3.696723802  
0.3761974071  
0.5042208485  
-3.422088095  
0.7024248711  
0.6044283547  
-0.9001024293  
-0.3405142722  
1.191889673  
-2.394647189  
-1.41105799  
2.182544969  
-0.2941460557  
0.0863982681  
0.3317916888  
-1.077001253  
0.7564445292  
3.240246175  
-1.250905037  
0.1566012934  
0.8747867745  
-1.957054298  
1.48974437  
1.809662298  
-0.007455479777  
1.000735659  
3.028907438  
-5.068609667  
-0.06282077462  
0.7686896124  
-1.886579357  
0.8574085983  
1.936317531  
-4.330497779  
0.3765462233  
0.5154905145  
-4.180281791  
1.6012579  
0.8459962182  
-0.3660759544  
0.4110160428  
2.675048665  
