2.891034812  
0.7025301005  
-1.436540823  
0.3411901424  
-0.1194224936  
-0.4282011932  
-1.384119294  
-1.16839827  
0.3000230502  
1.123682176  
-1.499171176  
-3.691297869  
-1.281340238  
-0.3785555412  
-0.3989361443  
-0.1136671532  
-0.1515524262  
0.7279368894  
4.372047031  
1.338304088  
0.77664669  
-0.003317463677  
-0.6339506918  
-1.081118126  
-1.806687117  
0.9033811969  
-0.365572335  
0.24962435  
-0.06359540725  
-0.1499237189  
0.01448038489  
-0.8371508727  
-0.3067176476  
0.8777667436  
3.099853019  
0.2397505039  
1.696777283  
0.4518372223  
-1.296591317  
-1.602455882  
-0.8800910587  
0.4468691369  
0.952977821  
0.618710104  
1.323808088  
4.561491175  
-0.03590282133  
-1.069865087  
-0.3917466657  
-0.4765296085  
-0.2053101768  
-0.3507503441  
1.867727069  
1.98212339  
3.326701656  
-0.5560067373  
-1.843976037  
-1.017713398  
-1.121958908  
-0.2784746528  
-1.319760926  
2.834193372  
0.2709104847  
1.951180776  
0.4347279668  
-0.6470116839  
-0.6387975642  
-0.5673500241  
-0.8351915123  
-0.5523974608  
-0.6625413544  
-1.237811804  
-0.3189450794  
1.423229241  
1.809127905  
-1.421233827  
1.895157032  
-1.40969578  
0.03985175256  
-0.9115216319  
-0.2031606651  
-0.2658860562  
-1.128431899  
0.5356949283  
1.789933192  
1.187070139  
1.31928229  
3.38661193  
-0.7070150852  
-1.156953631  
-0.781700057  
-0.2542099724  
-1.466229311  
-1.067701022  
0.1034600456  
0.1758553795  
0.1330183359  
-0.1328281486  
0.5451868602  
-1.355292637  
2.186335483  
0.4198419009  
0.2363361897  
-1.122199994  
-0.3057238336  
-1.281892982  
0.168307765  
-0.3237358983  
-0.6165967882  
-0.5808288279  
0.2197491517  
2.77096368  
1.462805534  
3.190062767  
-0.04231098235  
1.213472631  
-1.299297698  
-1.336912328  
-2.801140014  
-2.171577465  
-1.227103652  
-0.5050399078  
-0.5715090766  
0.8395326421  
0.8636220031  
0.4045533958  
0.6024449418  
0.7911811643  
2.69482854  
0.5550595352  
2.581297606  
-1.748680686  
0.6565926009  
-1.521689766  
-2.394481085  
-2.507363068  
-1.077430714  
-1.089786073  
1.437303938  
2.674662504  
2.546299784  
3.989412705  
3.17128318  
3.992755695  
0.5054626522  
4.139014783  
1.238643121  
1.865529967  
0.8795314497  
0.9766853022  
-0.1374306691  
-5.425648382  
-4.90166099  
-4.352061442  
-1.396659107  
-0.009531246189  
0.06746449299  
0.09399117459  
1.908493262  
3.443997716  
4.245862725  
0.418891858  
3.008633921  
-0.6487935903  
0.2771631861  
-0.2026067636  
0.7006681845  
0.179637306  
-19.47251718  
-5.265876162  
-1.495104161  
-2.196957146  
-1.348486793  
-0.08772797787  
0.7307627738  
2.963323352  
-0.9306041687  
-0.689956473  
-1.316751902  
-0.2415642477  
-0.005510127949  
1.152198186  
1.345285749  
1.454270285  
1.222633899  
-0.157215473  
2.424195075  
-1.189911507  
1.056297886  
-0.8121588837  
-0.4385088442  
-2.017090343  
-0.6212579066  
-1.672568901  
-0.8057664256  
-2.529202517  
-1.775867415  
-1.676222406  
-0.2352660792  
1.493180126  
3.24621184  
3.765882401  
-0.1759968334  
4.117298703  
-0.5947933641  
0.1528474068  
-0.5711680413  
-0.2762448081  
-0.5506147225  
-2.025770333  
-0.8048669492  
0.7954050054  
1.09349038  
-0.5659473606  
3.837485993  
-0.740808624  
2.249282934  
-2.895012341  
-0.5235595915  
-2.184369217  
-1.331123548  
-1.995817767  
-1.989157301  
-0.2244738813  
1.499024705  
1.79894493  
1.104785356  
1.15281967  
-0.7331131498  
2.835125356  
-1.457375269  
-0.7193853659  
-1.082920726  
-0.7247619206  
0.114976744  
1.254174238  
0.846854564  
-1.469402811  
1.4692623  
-1.593742697  
-1.919657489  
-1.76884209  
-2.2894486  
-1.628675693  
0.1485560626  
1.863189057  
-0.8237176166  
3.00325631  
0.7504887044  
0.9029506931  
0.1667321758  
-1.070721725  
-2.421525219  
-1.850536441  
-1.593798302  
-0.2339569318  
-1.919965899  
0.9390239432  
3.10179699  
-1.353975464  
3.501344918  
-0.08211630646  
4.022937699  
-0.1873482205  
0.01242128498  
-0.1292309263  
0.4942501331  
-2.086350556  
-0.9515205257  
-1.466770825  
0.1039565027  
0.8494013005  
2.438796259  
2.058050317  
-0.8474631051  
4.382376296  
-0.08042134349  
1.792249916  
-0.5953201121  
0.5716701703  
-1.134056821  
-1.658762553  
-2.575661715  
-0.3856881946  
-1.796789335  
-0.09185191632  
2.695289114  
-1.070748996  
0.3939393502  
-2.220550494  
-0.5559151275  
-1.272465413  
-0.1359241089  
-0.3596582359  
1.831085571  
-1.557785243  
1.408676766  
3.317919615  
-1.139550631  
4.766211623  
-0.3154662949  
-0.4104732696  
-1.40957185  
-0.3245618051  
-2.391046086  
-0.8977829241  
-1.827966424  
-0.7554324351  
-1.925393663  
0.1269553406  
0.3076347758  
0.1205279052  
-0.1475502729  
2.65083584  
2.010661512  
-0.8557179574  
2.868406116  
-0.8625278265  
0.8799703908  
-1.349230327  
0.1474445159  
-2.018830227  
-0.3399275552  
-1.416526992  
-0.2217024737  
-1.912847497  
1.496919731  
1.094635894  
-1.199030099  
3.535013834  
-1.754801061  
1.526900315  
-2.250096461  
-0.3850771453  
-1.332025996  
-1.537823331  
-1.832383316  
0.2849494314  
2.359437323  
-1.47954358  
3.141110859  
-1.608652961  
1.003754457  
0.291538893  
0.4967288535  
-0.8497566123  
-0.2538274046  
-1.310242651  
1.874217345  
0.4781128304  
0.3919285838  
3.645665178  
-1.92339444  
0.7967748933  
-1.505747966  
1.205182214  
-0.4218599279  
1.310589509  
-0.8449904469  
0.1269051591  
-1.363839517  
0.009104317561  
-1.606161629  
-0.00978445123  
0.7910523647  
-1.574997262  
3.03730425  
1.427937534  
1.402374646  
-0.8546859097  
4.444435971  
-0.6280939224  
0.7743600487  
-1.364793172  
0.8181107563  
-1.132652152  
-0.2911573107  
-2.269922017  
0.2597286024  
-2.039361765  
-0.1456495386  
-1.442740961  
1.459254896  
1.91135928  
-1.576370228  
-0.06348477241  
-1.91533136  
-0.8219188721  
-1.865193612  
-0.1182076268  
-1.073180119  
1.864915862  
1.813400164  
-1.581649755  
4.20359451  
-0.7587001011  
0.9505202895  
-2.090458721  
0.2814658075  
-1.989377295  
-0.6168465109  
-2.997714328  
-1.039281783  
1.641134395  
1.587402048  
3.98928142  
3.961695195  
4.850852498  
-1.728475743  
1.530083705  
-1.984901828  
-0.6354334839  
-2.239916555  
-0.1440556627  
-1.582883963  
-0.1662211845  
-2.070961986  
1.214086054  
0.5410701309  
-0.4205947713  
4.701459819  
-1.244091007  
4.378313832  
-0.09406615432  
0.5984669068  
-2.200798515  
-1.574656156  
-2.272822042  
-0.1213633797  
0.6897426144  
-2.499445623  
3.995970002  
-1.560499135  
0.501845009  
-2.144998938  
1.083638022  
-1.684956394  
-0.05784555478  
-0.8538511662  
1.890753098  
-1.298881095  
1.546696789  
2.5870705  
-2.298119377  
3.450691528  
-1.659571056  
-0.8979283208  
-1.909917444  
1.379373442  
-1.635177551  
0.5731740047  
-2.419849203  
0.5289367697  
-1.900587197  
1.435876682  
4.575771378  
-3.006952118  
-2.554923388  
-2.97450613  
-0.1907391276  
-2.737878004  
0.8361136882  
3.453158528  
0.4004856556  
3.988610945  
-0.8130742296  
1.212966112  
-0.9190754032  
-1.073423755  
-2.551143169  
-1.228098077  
-1.761175631  
-0.4803116651  
-2.991809348  
1.174419527  
5.36314373  
-0.7053685717  
4.407346182  
0.3059920208  
6.445287536  
-0.1651361386  
1.140902253  
-0.77317083  
-0.2920073944  
-1.848985589  
-1.256369711  
-2.574061189  
0.7799380952  
-2.85461874  
-0.7375032267  
-0.9267313343  
-1.080176803  
3.443852818  
-0.9566103577  
4.744200289  
-1.955713371  
0.5080914911  
-2.189608239  
-1.649822385  
-1.27989108  
2.009868625  
-0.2044778274  
2.166970948  
-1.930489856  
2.595564513  
5.84375415  
-2.019133957  
5.10564364  
-1.348817723  
0.1161561832  
-1.148537669  
0.3572062801  
-1.832897992  
0.3465390462  
-1.093587409  
-0.7435103067  
4.665786494  
-1.607490422  
1.701865594  
-2.018028646  
-1.035794654  
-2.836377721  
-0.3451155501  
-1.304356714  
-1.016527407  
-2.799697919  
-0.2286844158  
-2.606385517  
-0.5803632993  
-0.7283701962  
1.564718725  
-2.724203636  
-0.08788577629  
-2.256256715  
-0.05372104664  
-3.409594053  
-1.378796706  
-0.8528986564  
2.944937097  
2.515757536  
1.259304452  
6.144577016  
-0.8141084581  
1.766853739  
-2.068397074  
4.937464514  
-1.454727262  
-0.8278309709  
-2.458152855  
-1.499851744  
-2.929550787  
0.301850035  
-0.5931915477  
-0.05107189677  
5.972052715  
-2.183350529  
1.334223892  
-0.9986960834  
0.2786379465  
-1.60590109  
-0.2987636555  
0.9957327859  
3.102103158  
1.622202302  
-1.395498219  
3.688871189  
-0.6132176567  
-1.635392008  
-1.08777514  
2.876731955  
2.571353549  
-1.12092421  
4.830876622  
-0.6452778003  
-1.10030094  
-2.035008153  
-3.800774866  
-3.843218689  
-1.583856713  
-3.674845917  
-2.788508384  
-1.876463701  
2.728454396  
3.006283272  
-1.272594991  
6.534824493  
-0.3785145172  
2.701599109  
-2.377653747  
-0.3033129572  
