-3.073255181  
-2.204437048  
-1.433490408  
-0.4140371831  
0.1595317271  
0.1291343407  
-0.2785784267  
-0.6835634844  
0.3897268759  
1.19045754  
3.332197027  
3.006251243  
2.99402784  
2.436804469  
0.6125029394  
0.77664876  
1.141509599  
-0.008431135485  
-3.436375027  
-3.355562113  
-1.157980662  
-1.411716471  
-1.805129009  
-1.363519667  
-0.2812287139  
0.839961507  
1.996106268  
2.382298399  
2.212863698  
2.050781361  
1.783468591  
1.775784905  
2.088082825  
1.230881315  
2.779377089  
1.485848451  
-0.1275029977  
-1.893814839  
-3.649838168  
-1.527856846  
-1.635007387  
-0.9499427832  
-0.2878255051  
-2.381540821  
-2.071585517  
-1.979851902  
-0.2869317425  
1.038384778  
1.067716697  
-0.05628551548  
0.5055728237  
-0.7996538646  
-1.710631365  
0.8111210002  
1.912463541  
1.360405724  
1.632022468  
-0.6676024106  
-2.260129092  
-2.624970412  
-0.6945992436  
-1.220851771  
-0.3545094755  
0.8316000738  
0.7035450281  
-0.6616694441  
-0.1309490246  
2.424121979  
2.193194177  
1.731369523  
2.087598598  
0.7206255455  
-1.818945422  
-2.75271606  
-2.940107496  
-2.63702145  
-2.302519926  
-1.20003878  
-0.5924644948  
-0.3289236496  
0.07181241805  
0.4075127346  
0.7908294629  
0.02499775783  
-0.9933770552  
-0.705198098  
0.4803502302  
1.023074527  
1.591961115  
2.316346324  
0.7034039806  
-0.1370603212  
-0.3468066544  
-1.752473735  
-2.939375013  
-1.303479106  
-0.6469975249  
0.6066557923  
-0.01268788262  
1.404518175  
1.331572275  
1.880862497  
0.4638636781  
-1.551464646  
-0.5088053204  
0.2347189112  
-0.3240355249  
-0.6553305011  
-0.04688991073  
-0.8809668294  
-0.6826530395  
0.32294124  
1.331681462  
0.08466923497  
-0.04463286578  
-0.2724106435  
1.356461933  
1.530213483  
1.120159733  
2.248663138  
2.066773914  
1.965199135  
2.615805961  
3.00427938  
2.975870701  
0.983528173  
-0.7022522061  
-2.273773191  
-4.381523044  
-3.169758934  
-4.53066065  
-2.522441824  
-1.881258724  
-0.04881996553  
-0.6476490479  
-1.88453029  
-0.12230691  
0.7589681731  
2.592115075  
2.643098931  
4.202038752  
2.323982883  
2.50987744  
2.359654093  
1.798291873  
0.7318806247  
0.9636219265  
0.08225173827  
-1.226762599  
-0.4221167803  
-1.543536375  
-1.746080793  
0.2342505627  
0.6892829059  
-0.4149184871  
-1.307740693  
-0.8013454427  
-2.628209601  
-3.909556943  
-2.961356962  
-0.8421093443  
-0.7995089957  
0.3373273533  
-0.1807154966  
0.57887117  
2.170319657  
1.78830682  
1.593947034  
3.191389205  
0.4109083735  
-1.849517008  
-1.594388798  
-2.727630592  
-2.421972021  
-2.172470309  
-2.273094824  
0.2036084255  
-0.7282976282  
-0.2546167157  
-0.1671644828  
1.27132661  
0.6851995513  
1.7429022  
4.047626677  
3.067778748  
2.845330502  
2.313162456  
3.663171191  
3.437046  
3.218027901  
3.200874042  
0.5982735399  
-1.469896755  
-2.342492288  
-3.22759222  
-3.102421082  
-5.154992892  
-4.519210015  
-2.294857537  
-1.001865268  
1.138099574  
-0.8291815912  
-1.328251213  
-1.960568806  
1.606291993  
3.208907954  
1.561746163  
1.204689448  
-0.6043070991  
-2.673799009  
-2.68132915  
-2.568551441  
-0.5626631078  
0.7452724493  
-1.703904644  
-0.7707323795  
-2.343327832  
-1.361864259  
-0.910267553  
0.3735490479  
0.7051196217  
0.5695990819  
0.4524995273  
0.7688337126  
-0.1570921515  
0.12985246  
0.2921756544  
-1.341856708  
-1.441922371  
-2.849197471  
-1.2558812  
-0.442695501  
1.090232278  
-0.7824909585  
-0.5329931381  
-1.034990702  
-0.144328535  
2.309872687  
2.285072869  
3.802610001  
2.461175305  
1.749222254  
1.874938295  
2.542960155  
1.780027898  
2.539816092  
2.922043141  
3.128179069  
3.707828945  
1.875904529  
-0.9477980893  
-3.768519072  
-3.076444046  
-1.905661812  
0.2357329897  
0.8222328199  
-1.346635905  
-1.474097411  
0.1209064456  
-0.8695282305  
-2.744946785  
-2.054739825  
-2.269722815  
-1.520756763  
-3.380519876  
-2.780510078  
-1.980118952  
0.2558439254  
0.6317108032  
1.61389682  
1.189882809  
1.667485114  
2.372029656  
2.463139671  
3.052817736  
1.177043952  
1.018118808  
0.8540467258  
-1.297855972  
-1.995412485  
1.331344898  
1.016208173  
1.832152888  
0.1127337988  
-1.393630443  
-1.306186262  
-0.3346526533  
1.926265757  
1.774117347  
0.5495688797  
0.1681102698  
0.2230469439  
-1.263900186  
-1.250664668  
-1.488236471  
0.7571358051  
0.6613468634  
-0.08409632799  
-0.344135341  
0.2151277358  
1.384768416  
-0.6290266261  
-2.63950941  
-2.786496751  
0.08203450809  
-0.6342079875  
-0.1217294948  
-0.338105126  
-0.08334586895  
-0.8039360096  
-0.5083766851  
0.6674717308  
0.8513741676  
2.071875011  
1.320886152  
1.741425656  
1.530314622  
1.744612325  
2.602473645  
2.963856174  
0.559810759  
-0.2782782995  
-0.8065123776  
-1.206449045  
-2.548231915  
-1.880335791  
-0.1463317935  
-0.2099087123  
0.4128094228  
-1.151843952  
-0.9434772761  
-0.6097566129  
0.01869231336  
-0.1388216742  
-1.184327763  
-2.41509225  
-3.240474386  
-3.615685145  
-2.848247546  
1.764879105  
1.222867301  
1.54527077  
2.569736405  
3.320243993  
1.880762905  
0.2800014856  
0.1811205007  
-0.4737152098  
-1.236737032  
-0.897264968  
-0.10399268  
-1.110095187  
-1.245038729  
-1.297270476  
-0.5736677903  
1.136964324  
1.829139167  
0.07177030847  
0.1796183008  
-2.560885083  
-3.31927528  
-2.734522358  
-2.074297222  
-1.099080144  
-2.964017612  
-0.5088080976  
-0.06980699657  
0.4686479615  
1.844077504  
3.344943091  
1.672938343  
3.063252897  
2.461908082  
3.306678864  
2.15947014  
1.743954639  
1.604083182  
0.1566299242  
-0.7025347199  
0.6520156424  
0.5259871049  
-0.1863917524  
1.353916018  
1.129837697  
1.990278574  
-0.1323158538  
0.1756549159  
-2.201173197  
-2.588608416  
-1.942625047  
-2.015210559  
-1.602618262  
-2.465002447  
-0.6865058969  
-0.1018464282  
0.7458642049  
1.100430673  
0.2299029693  
-0.9556763023  
-2.00513818  
-2.176440244  
-0.6718121467  
-1.794453214  
-1.902590262  
1.041738584  
0.2436743139  
-0.01081852444  
-0.8219311374  
2.030533955  
0.364661171  
-0.05179575885  
1.315406119  
2.841256605  
0.9587634766  
1.183013792  
1.044628798  
1.625470177  
2.184183918  
2.942570034  
2.334301392  
-1.474510988  
0.8352411661  
-2.438349381  
-1.308913706  
-0.1919076635  
0.8722485118  
-1.616952203  
-3.093807558  
-2.310352226  
-1.702573448  
0.5038125956  
-2.069289667  
-0.7321809052  
0.7174027317  
2.06578629  
-0.0203950908  
1.878969019  
0.8421976  
-0.5932452993  
-1.144544455  
-1.630430787  
0.5578584903  
-0.9812186334  
-0.2382984794  
-0.6368907614  
-0.7012971454  
1.150661001  
2.944742246  
1.329615255  
1.28399162  
1.020333577  
1.389805353  
0.3406836299  
0.5638866938  
0.8839957662  
-0.1359878051  
2.687540616  
0.9381162654  
0.6439557571  
-1.439079863  
-2.15159753  
-0.8023992278  
-1.988687112  
-0.9378481367  
-0.7417644633  
0.2897903686  
0.3738605446  
1.868427609  
0.3092342766  
1.458117097  
1.332042866  
-0.1576716601  
-1.580527747  
-1.357929572  
0.006145473374  
-2.13881493  
-0.5412718304  
-0.07162702074  
-0.3306061861  
-2.86027937  
-0.7889280297  
-0.4390841064  
0.2520670948  
0.6602169502  
2.978990999  
0.8808484818  
0.1810582179  
-0.7029770793  
-0.1833178614  
1.103350099  
0.4944354631  
1.084456982  
-2.106142204  
-2.151387948  
-2.678947352  
-2.406335533  
-1.823195919  
1.284769023  
0.690518218  
1.231819552  
0.0404682027  
-1.033334676  
-0.9905713318  
0.7674515246  
1.665965079  
0.3401970559  
1.869569891  
-0.3195335464  
0.889108772  
0.8249015227  
2.678794923  
2.293716119  
3.161770543  
1.204221168  
1.007906483  
0.5177161904  
-1.664227148  
-0.5806576386  
-1.617112247  
-0.507518576  
-0.2035083937  
-0.3610317584  
-1.793164569  
-0.4506532314  
-1.62226516  
-0.8056895214  
-0.7895206695  
0.09522815212  
-0.5586724789  
-0.834830109  
-1.479684707  
-0.7934275714  
1.700592091  
1.517739126  
2.345128756  
1.003325195  
-0.09287275417  
-0.0533868765  
0.3207069464  
-0.04963069015  
0.3159828198  
-1.505836252  
0.5178233828  
1.707368804  
0.9422488243  
1.257486003  
2.904570012  
0.6377077972  
-0.1939937904  
-1.617051038  
-2.519862295  
-3.188845443  
-0.8159625542  
-0.3476055146  
-1.824886598  
0.6192040153  
-0.6330435969  
-0.4771065979  
-0.4770929522  
0.1034365156  
0.3707321986  
-0.2386794227  
-0.95698548  
-2.005661648  
0.3556220315  
-0.9528433116  
1.921405065  
2.551074972  
1.894397448  
1.301237941  
0.7271513454  
2.416539748  
0.3685593651  
2.794555774  
1.650776414  
1.77310738  
1.254944597  
-0.9006807298  
-0.4570885366  
-1.934216004  
-3.787445304  
-3.447259112  
-3.976389046  
-2.634141828  
-0.773020593  
-1.115064902  
1.281429904  
2.077591561  
2.317406699  
2.617399981  
