-2.146311101  
-5.643133512  
-2.093520116  
-2.251181423  
1.156823455  
-0.01664356416  
0.4040643039  
0.05593514986  
2.288451128  
3.79487775  
0.5935235365  
3.154637712  
1.290011694  
2.319651791  
0.2299571508  
2.926780699  
1.932245366  
3.065952344  
2.990441307  
-1.746766135  
-0.1431716  
-2.783544186  
-2.015421885  
-4.648215734  
-1.640228918  
-1.234172528  
-2.604681358  
-1.419826394  
-3.102428869  
-0.3037097569  
-1.499326614  
1.673412403  
2.245785672  
4.286216089  
5.173112609  
2.265608225  
3.094306496  
-0.7368032687  
0.04510810228  
-1.841052925  
0.7655380111  
-0.06596332175  
0.04699263986  
-0.9573425945  
-0.4878481924  
0.9137111198  
-1.304113504  
1.149368682  
1.15384435  
4.255716063  
2.540085343  
4.544030825  
3.533713278  
2.897573012  
2.092699593  
-2.729295738  
-1.296662598  
-2.074431564  
-0.9277332782  
-2.922026927  
-3.351315155  
-0.4586875351  
-3.095916083  
-0.07176919498  
-1.826459192  
0.4758119123  
-1.258700329  
-0.2999276523  
-1.819149591  
1.578104201  
-0.2486575293  
1.987563048  
2.941773236  
4.582324103  
2.205996302  
0.6271026893  
0.7378466428  
-2.532715354  
-0.9574416552  
-3.343563637  
-1.454372519  
-6.500486634  
-3.345618088  
-4.027013667  
-2.581826083  
-2.832169985  
-0.833506128  
0.6120905274  
-1.405993783  
0.7456038372  
-1.698226751  
2.31977324  
2.293738696  
5.689593932  
4.13362364  
4.786750346  
1.311991757  
0.9736468528  
-0.1338615588  
-0.1265362754  
1.617211845  
-2.304187324  
-1.778918659  
-4.847760391  
-2.257347998  
-4.444582475  
-0.7346248656  
-2.530351666  
0.1961243952  
-1.207469759  
2.037883304  
1.95614827  
1.726943412  
2.060965527  
0.9051335872  
1.544787484  
-1.407986499  
0.8375683942  
-2.786767933  
0.6924400582  
-0.1322347168  
2.636658491  
2.022189616  
4.044905252  
0.1443277329  
0.5845553301  
-2.180967325  
-0.4959995584  
-0.9064685582  
-0.2552850195  
1.102993599  
-0.9863663494  
-0.03791065618  
-2.355933556  
-1.336378004  
-1.353695836  
1.069256347  
-1.216920179  
2.230803154  
1.061945416  
-0.1838193559  
1.222892243  
3.12377828  
4.353710068  
5.204185109  
6.865783519  
3.518275676  
6.269123442  
4.009534245  
4.734247744  
-0.4925878918  
-2.42466864  
-1.89607903  
-2.507327916  
-4.511391741  
-0.8415679752  
-4.521879304  
-1.560252745  
-4.666356987  
-3.200413097  
-4.11495036  
-5.485131985  
-3.318544868  
-5.192684294  
-1.836041773  
-1.100270282  
0.4972055568  
-2.381872731  
-0.09460459353  
-0.3035293458  
2.962629424  
0.7599936909  
4.204301818  
3.078507761  
4.53626475  
3.367789277  
-0.2810717305  
-0.116101693  
-2.444169648  
-0.5607302366  
-3.952408496  
-1.994767853  
-4.247411146  
-3.205425677  
-1.817183775  
-0.5873306254  
1.69307352  
0.6659561776  
2.777518895  
0.734452812  
3.088531757  
0.6034369903  
2.393254962  
-0.5849308035  
0.9220937147  
-0.9791215172  
1.602209254  
-1.953667563  
0.9162766026  
0.5776323269  
2.597325692  
3.039995458  
4.253463846  
6.699084903  
3.423936246  
2.245008462  
-1.23207724  
-0.3386688858  
-2.565286085  
-1.925002939  
-5.448119772  
-3.318106281  
-4.638129184  
-4.328114494  
-3.205131314  
-3.837704175  
0.7029120774  
1.721364027  
3.565606948  
2.460351157  
3.790714077  
0.2843884766  
1.789012658  
-0.2855683557  
1.980690585  
0.8102934258  
0.7092366514  
0.1558714693  
0.2195715215  
1.096853242  
-2.024787602  
-1.34308048  
-5.16759775  
-4.061273367  
-6.810241605  
-3.163308091  
-3.788959284  
-3.50018032  
-0.9839491432  
-2.507552184  
0.3834351394  
-0.105355993  
2.199714495  
0.5628305424  
4.362956346  
3.068600924  
2.84435635  
6.280889963  
3.404100755  
3.972305122  
0.07953297357  
-0.6477008685  
-3.965868431  
-2.926901593  
-5.460053015  
-3.279624079  
-5.084678311  
-1.828077887  
-2.074815305  
-3.761969129  
-1.162599911  
-0.9136791175  
1.844675034  
1.565018247  
4.456781741  
2.975366491  
4.885762279  
1.740647772  
1.972851675  
-0.3674930045  
2.339165346  
0.5354699891  
1.236713162  
-0.853890705  
-1.310450393  
1.347115159  
0.02566681747  
2.890178586  
1.616135977  
4.492937016  
0.3873736832  
0.6773007843  
-1.787829136  
-1.316612467  
-4.097872905  
-2.384373758  
-1.719521761  
-2.088364785  
-1.434521205  
-2.396806248  
1.544584599  
-0.3080726237  
2.267659827  
0.2963010659  
1.664775693  
-3.933355085  
-1.05209662  
-2.079349309  
-2.513889361  
-0.1905413544  
-1.817098722  
0.05120339678  
0.3172979351  
2.464349403  
-0.5612194298  
2.327571295  
0.8555440295  
2.077647964  
-0.4734895692  
3.258996323  
2.133140903  
4.104615846  
2.490320867  
4.922762959  
1.896686594  
0.8445310862  
2.299153292  
-0.3665262492  
-1.277347514  
-4.210565401  
-3.773668805  
-5.765299893  
-2.587589705  
-3.452594106  
-0.0002699361842  
-1.879732441  
0.3840398149  
-0.926270892  
-0.4375034285  
1.932767001  
1.041536386  
2.350031649  
1.77737968  
4.195228366  
2.355950521  
4.470729092  
0.6899735283  
2.319538484  
-1.64623169  
-3.610733551  
-2.113863749  
-4.406405071  
-3.274968837  
-3.973086376  
-0.6816874786  
-4.161112722  
-1.113009661  
-2.881738017  
0.6678079206  
-1.349374989  
1.382782024  
1.185930812  
-0.8196276009  
0.1512780221  
-0.7910194002  
0.8187562814  
0.2813196615  
3.131102481  
0.5733412348  
1.415691691  
-1.038721711  
0.5802744797  
-2.82463743  
1.036991223  
-0.0337751982  
0.3640068856  
1.324171382  
1.652994031  
1.137915742  
1.186832343  
2.868280523  
1.584260518  
0.8250040491  
-2.292571368  
1.60818971  
-0.9571953332  
-0.0920300877  
-3.557233118  
0.4084573978  
-2.340501337  
0.5513232911  
-0.9309831873  
2.022475627  
-0.4000626852  
-0.1535892495  
1.437277269  
-1.994017521  
0.6116101254  
-0.7888173182  
0.6848326291  
-1.195117755  
2.483416175  
0.2699548361  
-0.2025162673  
1.616497723  
-0.837234295  
-0.5090271688  
-1.746692452  
-0.6180221249  
-1.611204496  
0.2839064002  
-2.761908039  
0.3345855186  
-1.915426381  
-1.234117342  
-1.179714025  
0.5065460746  
0.497685393  
-0.7011161935  
1.155025792  
1.187017682  
2.244958121  
0.5535382544  
4.218529668  
1.733865239  
3.579592564  
1.770658671  
3.210464264  
-2.162213027  
-1.038499056  
-0.6397702658  
-2.887139408  
-0.7653539291  
-2.787406907  
-2.430203598  
-3.515330028  
-1.37223529  
-3.603000135  
-0.1187306079  
-0.4240916967  
-0.4063395029  
1.312911014  
-1.026551017  
2.363180064  
1.74428418  
3.013851688  
1.088898169  
1.915082318  
1.379960436  
3.484898817  
-1.126168839  
1.808668793  
0.724609597  
-0.1054828584  
0.9649400386  
-0.5929068866  
0.7827282814  
-1.495875106  
0.6953834415  
-0.1608916781  
2.403945216  
2.300409251  
4.587538133  
-0.2743466597  
1.914163468  
1.052632715  
-0.9211763668  
0.02992768048  
-2.747402391  
-0.3475602955  
-2.943150005  
1.349864898  
0.07064705927  
-0.6959118078  
-0.8098208486  
-1.532893602  
-1.18603717  
-2.505628082  
-0.08558940163  
-1.744751923  
-0.4911387659  
-0.9042486232  
1.357261171  
-1.717678691  
2.431951144  
2.415662545  
0.1147659882  
1.038541574  
0.2049183132  
1.951845266  
-0.537286445  
-1.902950196  
-3.078621996  
-1.24287537  
-2.86577488  
-1.259224897  
-2.82722719  
0.4968212221  
-1.760085067  
1.297623662  
0.07729049784  
1.512813874  
2.32067341  
3.077197157  
4.262964246  
0.8863478426  
2.445596586  
-0.623425061  
-0.6641178263  
-2.634193575  
1.360574834  
-0.5496776399  
1.953449049  
-0.3092801519  
2.341325909  
1.758118605  
-0.992780635  
-1.074374798  
-3.436571447  
-1.899155303  
-3.410585431  
-1.600001063  
-2.92005238  
-0.6477827089  
-1.607280785  
1.04068736  
1.795260076  
1.508978111  
3.347026188  
1.916907818  
2.612254464  
1.282821699  
1.459623458  
-0.0931981909  
0.2766958737  
-1.587451014  
-0.02204197323  
-1.802358164  
0.8022745168  
-0.4785568512  
2.170518912  
-1.336525409  
0.9290929445  
-0.5500308616  
1.366870286  
1.229844923  
1.806755314  
-2.453410976  
-1.440767439  
-2.711835189  
-2.888913185  
-1.040259955  
-1.644800773  
0.5979742248  
0.894532021  
2.27258973  
-0.1433560243  
0.716420861  
-1.883295343  
0.4297672875  
-0.6654764997  
1.874935213  
-1.09000965  
0.1032898639  
3.337677984  
-0.6559611214  
-0.8114757685  
-2.430690513  
-1.784392318  
-3.045007317  
0.8473231094  
-1.199148507  
2.589600033  
1.562428976  
2.139757879  
4.69696864  
0.9864209847  
-0.2541995458  
-3.835566212  
-0.3033695433  
-1.522431225  
-1.027002421  
1.415450526  
-2.106875039  
-1.018348423  
-1.553466414  
-0.4376168008  
-0.01681063766  
1.353129866  
-0.1995850721  
0.6867104211  
-1.741455548  
0.7065141415  
-1.427687403  
-1.905587049  
1.578661099  
-0.9139921548  
2.060242217  
1.370037206  
2.708846363  
