-0.9138998852  
-3.931924732  
-2.614793726  
0.3583436215  
0.7732830496  
-1.438766599  
-0.3306218557  
0.9450907223  
-0.4654634704  
-0.3940629668  
-0.1496328565  
1.740666741  
2.297532751  
0.8845615803  
-1.622262949  
-0.533716939  
-0.494806106  
1.500899025  
1.044579542  
-0.9720571364  
2.411553309  
2.992029513  
2.436541863  
-0.7487945387  
0.6563918678  
-1.273504563  
-1.242040724  
1.605486779  
2.76103302  
2.0994844  
-1.778582276  
0.5322892063  
-1.136469471  
-1.616130279  
0.07879569702  
1.229888084  
3.619644514  
2.174973204  
1.027658935  
0.5026894472  
0.9209523484  
0.459769722  
0.9342370444  
0.4991499802  
1.102649476  
-0.3722864602  
-2.044342682  
0.9846135934  
2.300367546  
1.375057079  
-1.653321626  
-0.8239255719  
-0.02177002203  
0.8673560159  
-0.1356185947  
0.2129072483  
3.148417654  
1.447025  
-1.213504315  
-2.412075787  
-0.2724922561  
-0.7670190326  
-2.271451795  
0.5019843104  
1.820864736  
1.599662501  
-1.966932309  
-1.689906245  
-0.8720085208  
-1.500812965  
-2.223046744  
-1.221542981  
-0.06089942685  
-0.608007659  
-0.5853518122  
0.4287504048  
-0.6292604099  
-1.495749307  
1.458442008  
1.814608369  
0.223643281  
-2.072676972  
-0.3336010335  
-1.112224221  
0.3385010405  
0.442274401  
-1.067136518  
-2.318572599  
-0.8451336477  
1.64530574  
-0.7794099154  
-2.19498877  
-1.186223696  
0.8480581522  
0.490911788  
-0.8824117867  
1.446553791  
1.594091983  
0.8028893139  
-0.8330028412  
4.059722787  
1.953596808  
3.512303732  
1.84441498  
-0.04046259967  
-2.771806417  
0.2623932239  
-0.5954152676  
0.2585771089  
0.9924383023  
-1.089227805  
-2.60400673  
-2.921992147  
-1.712263138  
-1.298759477  
-0.06057475028  
0.7833979034  
-1.125021755  
-2.695669043  
0.5587352096  
0.1379414142  
0.450726421  
4.223855135  
2.617161484  
0.5424316232  
0.7025841192  
0.2563354306  
-0.559094358  
-0.4096262855  
-1.56146883  
1.911795942  
-0.2466435863  
1.730648121  
0.3233781513  
2.019945639  
-1.327238367  
-1.57308366  
1.197609812  
0.2562430287  
1.071827167  
-0.8167961556  
2.525127127  
-0.1723766716  
-0.01409837938  
0.1788623959  
-0.2092138184  
-2.25365958  
2.769060769  
1.717722955  
2.399539246  
3.450553275  
1.699241142  
1.220295926  
2.248535868  
0.3335766092  
0.4008302951  
2.069849417  
1.020946409  
-1.194456177  
-3.58763748  
-4.100577075  
-3.172152684  
-1.114367747  
-3.970924972  
-2.776565436  
0.3978103464  
2.084938101  
0.2107830892  
0.9334796819  
-1.331616349  
0.2296930094  
-1.130170123  
0.1843051255  
1.75684244  
-0.6805800279  
0.2754145389  
-1.420201288  
-1.907760908  
-4.452246894  
-1.3689233  
-1.164384716  
-1.456448687  
-0.8818161424  
-1.687980082  
1.733272459  
-0.361493542  
1.786374457  
-0.4507679203  
3.614581655  
0.5134074085  
1.609055161  
1.833277372  
0.5888157095  
-0.5199844239  
0.1454761198  
0.5614858308  
2.104880488  
-1.449088548  
-4.710680473  
-1.455261303  
-0.6213192996  
1.397533282  
0.2832434943  
0.7800474843  
-1.349132845  
1.714034249  
0.1689662875  
3.01038274  
0.8728090398  
2.470418103  
-1.119169057  
-2.849968092  
-1.819241459  
-1.1808446  
1.186495161  
-1.153307288  
1.841039308  
1.557979663  
3.003642408  
0.5398349648  
1.183738705  
-2.58657947  
-0.7863894311  
-2.704254308  
-2.909999804  
-0.406128704  
-1.525067478  
-1.452498433  
-2.408090335  
0.5375865463  
-0.9995333492  
-1.622652165  
-3.545858061  
-1.079942203  
1.14864061  
-0.8266655264  
-0.5269346915  
-1.170416457  
2.019722172  
-0.7033842558  
0.7606662705  
-1.725001611  
0.2419791737  
-0.2216332579  
-0.9721666434  
-1.183477564  
-0.7535033275  
1.489362157  
-0.88141518  
2.920756806  
2.598493472  
5.096423011  
2.633182937  
0.2473532715  
-1.829292706  
-2.311834264  
-1.132574114  
-1.746241803  
-1.581950762  
-0.960170213  
-0.7619436555  
-3.072962188  
0.03100493287  
-1.079213983  
3.542730025  
2.501302581  
4.557228447  
0.7748842267  
0.8883826855  
-0.4015958917  
-1.813872011  
-0.2400520085  
-0.3949269541  
0.5854658051  
0.7338121788  
0.8289019805  
-1.608360401  
-0.06592643206  
0.4237234398  
-0.4376230703  
-1.202524113  
1.124555579  
1.71534459  
4.387283659  
1.774990127  
-0.4459351821  
0.5460781312  
-1.931949159  
0.7018751403  
-1.087068767  
-2.210662269  
-2.284210887  
0.6635312199  
0.3616803728  
-1.281375355  
0.4686046958  
-1.306113109  
-0.6150825689  
-0.2499001192  
0.01191217849  
-2.248009749  
-0.01246555323  
1.184169722  
1.654549716  
-1.102077462  
-0.08329700875  
-1.367556556  
-0.7076215159  
1.965340695  
1.275351891  
1.390458729  
-1.939899125  
2.958689568  
0.4799138803  
-0.4102655251  
0.4848299853  
3.26113232  
0.2979065461  
-0.1337786894  
1.09054246  
0.1863132272  
-2.902089438  
-0.2332604111  
-2.038203442  
-0.9127579265  
0.5015198403  
-0.5720323148  
0.09162949242  
-1.08526144  
1.831206532  
0.06458840121  
0.2430655122  
-1.176010276  
-0.4599441476  
-2.484302  
-0.04401877172  
2.171538285  
0.1173222008  
0.03790088143  
1.282260367  
1.337738362  
-1.765604314  
-0.8433570311  
1.02773037  
1.730774306  
-2.300001983  
-1.052325996  
-0.3339207076  
-0.365924572  
-1.814620354  
0.5087689757  
0.555815621  
-0.5726612002  
4.059180052  
-0.6217567275  
-2.037794724  
-0.2284541958  
0.864494953  
-0.947530206  
3.490079601  
-0.2365522417  
-1.615603064  
-0.4459828651  
0.8803301031  
1.34560122  
-1.512009  
1.563415867  
-1.440273308  
-0.9429047433  
0.3063328566  
1.492731233  
-1.326475748  
-1.111945174  
-0.02761717684  
0.1686970031  
-1.732290708  
0.6691503247  
1.096698257  
-0.9549133084  
-1.546271703  
0.4894396078  
1.294927147  
0.8738178091  
3.607004789  
0.7570156404  
-0.04046653271  
1.460476022  
0.5185473532  
-1.520923847  
-1.751623838  
0.1635208635  
-0.05879166259  
-1.233688968  
-2.322081248  
-2.755806408  
-3.636379692  
1.678977477  
-0.1446811231  
0.5283318206  
2.326742042  
1.540529875  
-0.7296925118  
0.44207065  
0.01612774359  
-0.9864829239  
0.7095998081  
-0.7039429646  
-0.6351436147  
-1.392037237  
2.714411071  
-1.416624472  
-1.945420947  
0.2090060055  
-0.1555494437  
-3.226110414  
0.7250282406  
0.6971593548  
0.6461782577  
1.258272449  
1.120220273  
1.927591304  
-0.101897758  
4.082416197  
1.150500143  
1.582147999  
-0.08612073069  
0.7791491507  
-0.5504843827  
-2.164747465  
1.940216144  
1.731387207  
1.23786548  
-2.782725329  
-0.2630498241  
-0.1649771994  
0.3909706162  
-2.934755158  
1.334569141  
-1.210161884  
-0.7943292945  
0.6232289119  
0.7908886873  
0.7747841291  
-0.1606392188  
4.063462844  
-0.2728874018  
-1.121857319  
0.4449623266  
-0.2758823722  
-2.779328592  
-0.5614367852  
-1.83612068  
-1.443761918  
2.001889801  
0.4955253822  
0.9290088749  
-0.01148002503  
2.615506985  
-1.527267611  
-1.489532307  
1.018377633  
-0.1105120992  
1.0187242  
0.1953922361  
1.952199564  
-1.09783721  
-1.515031  
0.4346118888  
0.03227093191  
-2.480734713  
1.498026446  
-0.2376010228  
-0.8968591454  
3.7576123  
1.351337682  
0.5426974247  
-0.03420938471  
0.2419225837  
-0.3402110149  
2.619118603  
0.8034047  
1.60266106  
0.5503154419  
-0.274321856  
-2.474490465  
0.8786619016  
-2.00311872  
-3.9612924  
-0.36305606  
-1.699313727  
-1.782091635  
-0.5747609486  
3.257754689  
-0.4912605986  
-2.124063846  
0.3103349399  
1.614335868  
-2.739514101  
1.231307868  
-2.742193709  
-1.278851513  
1.218121194  
-1.03187244  
0.6962680613  
0.8366254431  
2.195714574  
0.7676568412  
0.2606072391  
-2.324576176  
2.360408372  
0.7801292498  
2.508652321  
-0.9078321498  
-1.187285582  
-2.794092778  
-1.658391805  
3.021056129  
-0.9975392442  
0.2010700223  
0.8554869728  
3.372413294  
0.9183586177  
1.58905377  
-0.3563490096  
0.1102457199  
1.373912021  
0.5043421447  
-2.21529837  
0.5379906158  
-2.570924987  
-3.224518848  
-0.6137821958  
-1.914224887  
-2.517591226  
-1.193252284  
2.472962037  
1.118193746  
0.1404301831  
2.359720005  
1.531930822  
-0.4197514454  
0.2463291856  
-2.503595698  
2.517131987  
-0.7726609947  
-0.129329441  
1.614744497  
0.8964739984  
-3.639745272  
-0.2961002547  
-0.5011769097  
-0.5826199685  
-1.325457754  
-0.3279931456  
1.303004311  
-0.8711730286  
3.708456299  
-0.6962523763  
-2.544528935  
0.6615597946  
-1.069055781  
-2.685843063  
-0.6952890979  
-0.2977886146  
-1.770199544  
3.830562775  
0.3315172919  
0.7975844365  
2.414706555  
-0.559943736  
-2.389726157  
0.1156531651  
2.650192255  
-1.389781393  
2.135884179  
-1.9758444  
-1.854177729  
0.5417363859  
3.144073928  
0.9372503321  
1.182199636  
-1.017564117  
-0.6296448426  
-0.6525519428  
-3.279077034  
-0.6073582944  
0.001867616953  
2.359776438  
-0.9984845369  
1.406317682  
