-1.837299977  
-0.7744951906  
-0.1449926126  
-0.4353089311  
0.6947074221  
-0.02236061184  
0.7542100542  
1.446763079  
1.498118485  
0.5917494704  
0.869612133  
1.615158742  
1.663620421  
2.18422777  
1.058059666  
-0.9624689486  
-0.7295821662  
-1.54097234  
-3.076150301  
-3.836361199  
-2.831890938  
-1.894317015  
-1.560262878  
-0.693554015  
-0.1296392464  
0.5628066105  
0.2180291484  
2.549541353  
2.271598455  
2.166112182  
2.866312201  
2.817684709  
2.465238236  
1.815630514  
1.528127447  
0.0110451544  
-1.270655179  
-0.7135786632  
-0.6035145444  
-3.893660827  
-0.4703706247  
0.4151781456  
-0.2489862494  
0.3113357594  
-0.1470117907  
-1.044502771  
-0.7172168119  
-0.4050435184  
0.07762808286  
1.005019304  
-0.1948029711  
-0.6452384857  
-0.4711141532  
0.2892380803  
1.91405137  
0.9549997798  
0.5163714605  
0.5748870546  
-0.3325079168  
0.4066791026  
-0.0472550166  
0.7005021147  
0.9653801932  
1.27151824  
1.901979351  
0.647403322  
-1.332075049  
-1.18470592  
-0.8137098544  
-1.336580855  
-2.028441809  
-0.9810044926  
-1.859120399  
-1.902318616  
-0.6297844867  
-0.308010052  
-0.6390571826  
-0.8611516866  
-0.8425659727  
-0.5161000435  
-1.947328614  
-0.9880624833  
-0.4940958324  
-0.7406297955  
-1.46374272  
-0.1932759771  
0.4999772682  
1.968605755  
1.518399041  
2.149119376  
2.471056064  
1.459353498  
-0.9520605078  
-0.3635249553  
-0.3799719574  
-0.4211671024  
1.400837608  
0.9488394444  
0.7551424073  
0.01119407633  
0.6569138227  
1.442228527  
-1.517430693  
-2.140679925  
-1.295652862  
0.7107742917  
1.089581617  
1.769681629  
1.806592363  
1.313134659  
0.7918572425  
1.093876266  
0.4843345539  
-1.188483453  
-1.271407168  
-1.982596135  
-2.530262039  
-2.243307523  
0.4639822771  
0.5548904752  
0.7921433238  
1.540502786  
2.502537038  
0.8048221517  
-0.3632417709  
-1.734793785  
-2.829521375  
-3.650587911  
-2.505742252  
-0.6810950286  
0.240143  
0.7736033648  
1.560334849  
1.346943252  
-1.015781874  
-0.3210423212  
0.5574388896  
0.4587016712  
0.5148984342  
1.250231705  
2.793970951  
2.562643696  
2.259964522  
1.973455255  
2.111629083  
0.3766875972  
-0.08006124984  
-0.122983706  
1.76883516  
1.308594176  
0.3561823079  
-1.647747988  
1.858140466  
-1.760271598  
-2.961619842  
-1.146581525  
-1.126241922  
-0.8601171944  
-0.4579292029  
-0.2995124205  
-0.6127849472  
-0.7536640774  
-0.5921290987  
0.8100028994  
3.47200178  
2.517538417  
1.622396357  
0.8620439235  
-0.2600315184  
-3.033084703  
-2.957891543  
-3.398018563  
-2.829869743  
-2.620088762  
-1.419128004  
-2.465986163  
-0.9446430253  
-1.20482512  
-1.343344529  
0.2760247058  
-0.01732868606  
-0.2618848262  
-0.2850309232  
0.8398970627  
1.467067788  
1.682294939  
2.455474847  
3.249444938  
1.768336462  
2.01130539  
1.739106089  
1.594630288  
1.78547065  
0.7141072847  
-0.2562304155  
-2.096085527  
-4.646847144  
-4.243738866  
-2.279305243  
0.6478475854  
-1.335145588  
-0.2932050225  
-0.08922372237  
-0.1312710767  
1.750946418  
1.28948335  
3.234514771  
2.229626374  
1.052409286  
-1.344967601  
-0.8881480795  
-1.258833869  
-1.048575168  
0.3551575252  
3.186739061  
-0.2998796011  
-2.509312269  
-2.610687472  
-1.450208228  
-0.2433612999  
1.97989146  
1.491612234  
0.5620629257  
0.4988999771  
0.7393949975  
0.4856605252  
0.6758044096  
-0.3209597199  
-2.602661739  
-3.335673804  
-2.420819641  
-2.651089618  
-1.697937698  
-0.5504410497  
-1.077712111  
-1.249393947  
-0.8687383193  
0.8302706567  
0.7616450257  
0.3569955407  
0.3996333689  
2.630957197  
2.607122537  
1.279492401  
0.7877511034  
1.25388987  
0.8068770185  
0.07092140502  
0.1376370936  
1.256073457  
-0.5421587832  
-0.7401333856  
-1.16906945  
-0.5565895212  
1.306573963  
1.823484468  
0.6759672405  
0.1303076648  
0.237369086  
0.1845435978  
-0.7944024416  
-0.2647486743  
-1.595962493  
0.4481893124  
-1.773618991  
-0.3600603791  
-1.874070622  
-1.56537643  
0.07595560408  
1.104100034  
1.049445077  
1.313560495  
1.631270464  
1.395199166  
1.287502249  
-1.01817421  
-1.114427823  
-0.9741271927  
-1.481943285  
-1.519325146  
-0.9930765911  
0.4917740078  
1.793083889  
2.117149909  
3.060171103  
1.307206401  
0.6726405377  
1.109752424  
1.317699709  
-0.3916956646  
-0.9810958976  
1.057297466  
-0.2612325496  
-2.420115229  
-2.710117971  
0.3360518186  
-1.027126966  
-0.9209737584  
-0.682482926  
-1.238864987  
-0.6514997403  
0.280786187  
-1.375059276  
-0.3857537251  
0.1177362967  
0.003019308723  
1.302650799  
1.61947856  
0.8089776227  
1.304406874  
-0.01825794052  
-0.2747587572  
0.1621368393  
-1.373681143  
-1.403986158  
-0.08631908617  
-0.08169309591  
1.245405999  
2.582352337  
2.221210661  
0.3298660709  
0.4955961369  
1.122215166  
0.6311338421  
1.046462371  
0.9600851163  
-0.3325964596  
-0.004748395983  
0.8321332245  
1.075976606  
0.3549076455  
0.4517176252  
-1.016151677  
-2.046892802  
-3.415895157  
-2.64709785  
-2.710808281  
-2.642383204  
-1.065998801  
0.122014035  
1.297562518  
0.5403106432  
1.824714457  
1.679378792  
0.4150204968  
-0.2898100794  
0.2316481493  
0.51260151  
0.3956638335  
1.403547043  
-0.7160341259  
-0.3497276843  
-0.02110041223  
-0.6207866185  
-1.155158386  
0.9456390173  
0.4499405734  
1.227388786  
-0.2356454687  
-3.557970131  
-4.339393039  
-2.900325153  
-2.178372161  
-2.426171426  
-2.072072476  
-1.299702766  
-0.6244895711  
-0.8583689833  
0.7757068707  
2.933357454  
1.936957415  
1.618735457  
1.435153792  
0.02583268557  
1.52770592  
0.2722421151  
-0.8427428948  
1.050986824  
2.05847947  
1.786136379  
1.26941299  
2.055384491  
0.937967855  
1.505276682  
0.9004873918  
1.30989028  
0.7397306047  
-1.515759368  
-1.909600058  
-2.726462136  
-1.471728022  
-2.105569175  
-1.336170643  
-0.2175699674  
-0.6265205286  
0.1926136549  
-0.8915547328  
0.3029873881  
1.015412375  
1.204045292  
1.535162901  
-0.06003040917  
0.09182549542  
1.339819947  
0.2432108317  
-1.180256496  
-1.786338636  
-0.2015137842  
-0.3218648197  
-2.008768141  
-1.256399296  
1.529865328  
1.166568352  
1.061829451  
2.319712795  
2.530471171  
2.136259467  
0.238746771  
0.6135556533  
0.4451924401  
-1.890639765  
-2.165540595  
-1.716780415  
-1.301822025  
-0.1349561541  
0.7564759904  
-0.9664213785  
0.03457586821  
0.4697830112  
1.255638721  
-1.08710592  
-1.941116586  
-0.6777327669  
-0.2815818197  
-1.907538085  
-0.8566229767  
0.8494441931  
-0.9124129687  
-0.5551420998  
-0.9868455528  
-0.6357856491  
-0.5991592173  
0.4622897627  
1.227861004  
0.365916973  
0.8170640648  
0.4519069311  
0.691391325  
0.1094294404  
-0.3970788736  
0.7652322153  
0.441721012  
0.5049679843  
0.3678547339  
1.403408085  
3.161364741  
2.496528513  
1.885806777  
2.151925845  
-0.02007726689  
-0.935375729  
-2.0983811  
-1.344434357  
0.1658150033  
-1.199232706  
-1.933321597  
-1.260790153  
0.471348512  
1.618498273  
0.08069545759  
-0.4683176718  
0.7479498752  
0.005296384365  
0.5388737049  
-0.3635114163  
-0.4942729092  
0.8224276294  
-0.06757246609  
0.3119756739  
-0.9000693252  
-1.880342349  
-0.9362203775  
-0.04756663579  
1.251269053  
0.8854230101  
1.129481888  
0.9515486184  
0.35185911  
-0.01787852675  
-0.03146387719  
2.211408865  
1.147273521  
-0.7090130837  
-0.1476397373  
-2.202236321  
-3.167712624  
-2.065171307  
-0.5768322775  
-0.3330994542  
0.08279484838  
0.6341820138  
0.3498700864  
-0.04822613864  
1.237490056  
0.006831014776  
-0.01467429305  
0.4717385111  
-1.19920876  
-1.45029132  
-0.1475936045  
-0.2032484639  
1.188163232  
0.8022742077  
0.5133455089  
1.411037985  
2.414245788  
0.755045742  
-0.1094901629  
-0.3391734328  
0.02414353059  
0.4826571118  
-0.9925289979  
-1.281085469  
-1.131868975  
-0.8547940539  
-0.8810499314  
-0.6389559406  
-0.4185351219  
0.2515943695  
1.264863688  
-0.8007375111  
-0.5029212967  
-1.281372947  
-0.8084645375  
0.2861431449  
-0.2084491244  
-0.4966763419  
0.9232217997  
1.630485534  
0.9829700296  
-0.3294527793  
-0.4219764818  
-0.1821209897  
-0.9150098335  
-0.3725242429  
0.3196833487  
1.014552086  
-0.1978718349  
1.429463044  
-0.6911239896  
-1.415607096  
-1.254525572  
0.7495259297  
2.829336793  
1.170225872  
-0.1117250137  
0.5819124977  
0.1241878388  
-0.6799561316  
0.9820999593  
0.7094915819  
1.131093748  
0.4143630461  
0.6462792784  
0.9932524474  
0.8643170022  
-0.1999851257  
-0.1709051791  
-0.5440747229  
-1.219197076  
0.7672312715  
0.3026957717  
-0.1711673483  
1.126958561  
-0.7978574107  
-0.1858001917  
1.269676243  
1.33483178  
-0.1369519591  
-2.356996848  
-4.00290946  
-1.465346661  
-0.107226541  
0.5670885297  
0.7161662162  
1.954505008  
0.8762033214  
-0.735380955  
-0.04645236162  
-0.1431159819  
