-2.661332761  
0.594657616  
-0.9471540399  
-1.860515609  
-0.356311834  
0.6867633941  
2.108506922  
1.597713281  
1.857011595  
0.8875367041  
0.3003464549  
-2.310758666  
-2.636297754  
-1.827453026  
-0.08290212289  
1.407306006  
0.5863370817  
0.629487013  
-0.9333543676  
0.2504676628  
-0.8052452969  
-0.6081190105  
2.027076884  
1.539716359  
0.7184838468  
-0.8505395227  
0.3437766212  
-0.07630110596  
-0.618482428  
1.45078128  
1.287473039  
2.842360651  
0.5301522972  
1.415134039  
1.432763531  
0.528859194  
0.7584636299  
0.708033392  
0.8593450346  
-0.1656509722  
0.04273535732  
-0.8357014633  
2.27989236  
0.9031086579  
1.143854561  
-1.381479022  
0.4841304913  
-0.6544673315  
0.2521783529  
2.222288805  
0.6380047549  
1.653519224  
0.6528798648  
-0.4668929214  
-1.49799803  
-0.7446435428  
0.2146068804  
0.2737258565  
1.162280157  
-0.02789645329  
0.8395730595  
-1.532201448  
-1.211047778  
-1.200484877  
0.2648827609  
-1.406561307  
-0.7234377482  
-2.345566513  
-1.298865148  
-2.975858191  
-2.329142547  
-0.2753329749  
0.3267317345  
-0.1491559454  
0.3776218175  
-0.2344349526  
-2.850128416  
-1.230148681  
-0.4026007332  
-0.2248075445  
-0.7997081995  
-1.322992545  
1.006768787  
-0.3041044396  
-0.6246735505  
-0.1412954938  
1.879128379  
-0.9778690373  
-0.7136874698  
-1.974189482  
-0.8209966325  
-0.3306068409  
-0.8642600871  
2.433842575  
3.234010268  
3.303764908  
0.1874748032  
2.298308274  
1.340771894  
0.7274083925  
0.6502168667  
0.05196696856  
-1.593280181  
-0.1293217806  
-1.725526286  
-2.94173383  
0.2028641924  
0.9506094425  
1.313390564  
-0.66117263  
-0.9865174422  
-2.499155757  
1.221598771  
-0.07494286289  
0.07555813368  
1.42206753  
0.9791639169  
0.4346288001  
-0.4918669216  
1.143694259  
-0.1276523669  
1.330699434  
1.642988186  
1.559227435  
0.6268286632  
0.6591410523  
0.09672595586  
0.4694994058  
-0.2954242709  
1.805880377  
0.4550926217  
-2.418475525  
-1.580593613  
1.166218712  
0.7099735844  
0.5897948233  
2.759773967  
0.8628557829  
1.315665328  
0.8241855389  
0.4151983257  
0.6768816114  
1.514492452  
2.670499772  
2.664903622  
-1.405530959  
-0.8402261092  
-2.18949548  
0.2381052602  
-0.8546598972  
1.191595427  
-2.755904729  
-0.9286468798  
-5.493018359  
-3.061262814  
0.2409797411  
-2.493388817  
-2.39766709  
-3.309391601  
-2.452881121  
-2.294094019  
-1.096332728  
-1.908220772  
0.1535941157  
-0.3449919277  
0.6105745234  
0.9273546042  
0.87201258  
4.098298114  
1.849513815  
3.006936127  
1.618635913  
1.938295357  
0.4637108645  
0.5005619047  
-1.312251894  
-1.424245216  
-1.953178235  
-1.071113157  
1.49608232  
-0.5498965699  
-0.4825039896  
-1.013264688  
1.919573829  
1.350054715  
2.302700955  
1.500143094  
0.7054832737  
-0.6003107652  
-0.5675465093  
-1.17774424  
1.073723329  
-1.688809623  
0.007273628359  
-0.5798154279  
0.6544869282  
0.510479319  
-0.07204508136  
0.496843377  
0.128736757  
2.819759533  
0.2005265217  
0.1036440508  
-1.799964673  
-0.6893772345  
-1.82919228  
-0.9033880174  
-2.280713053  
-0.8683541195  
-1.386247295  
-2.335924071  
0.2603926606  
-0.3078703351  
1.123921759  
0.2162619162  
1.627819068  
0.3527767383  
-0.2853077505  
-2.817357563  
-1.334824847  
-2.136787341  
-0.2122473017  
0.2505146543  
-0.146370098  
0.8649598877  
-0.9919452955  
1.498649772  
0.2016539866  
0.9243444317  
-0.5803787039  
-0.1851491293  
-3.665744029  
-2.288697043  
-0.5579091635  
-0.1931834155  
1.209712526  
1.852179524  
1.364311486  
0.2694932203  
-0.2896205162  
-0.3443157414  
1.642381381  
3.369198523  
1.950052998  
2.937974918  
1.045870196  
0.02927655047  
-0.8860815623  
0.2351013362  
-0.1647022236  
0.8839567075  
-1.630549806  
-2.060378908  
-1.461099563  
-1.977913527  
0.08563493089  
0.2269155871  
0.1920440171  
-0.6757572982  
-0.4329930184  
-1.201274284  
0.1673891398  
-0.09770949188  
0.1879323531  
-0.526456558  
-0.1390000626  
-1.173301497  
-0.3016589286  
0.2270854922  
0.04877751695  
0.6040411372  
0.8407890284  
1.167324243  
-0.9121262801  
0.3656169757  
-0.5375291485  
0.1546317633  
-0.8875136603  
2.486229274  
3.619499496  
0.8126054721  
0.3283433211  
-0.8549727424  
1.419043701  
0.2150651624  
0.9150314007  
-0.3928888619  
-0.7640241714  
-3.107768331  
-0.9541394666  
0.4952473439  
0.1668544902  
0.8162510209  
0.3378900779  
-0.6965933343  
-0.4562600081  
-0.1587432396  
-0.760295192  
-0.83812945  
-2.332254208  
-0.4859000156  
-1.057294197  
-0.2266442452  
-0.6390660188  
0.1203310582  
2.274082834  
0.8631014218  
2.081304085  
1.269109232  
2.33697353  
1.996227937  
2.493190163  
0.5933106925  
1.358906087  
0.1903187499  
-0.2719139367  
-0.5869191831  
-0.6215792246  
-2.377743711  
-2.416506521  
-3.321496984  
-0.9710602904  
2.43362002  
-0.9690304327  
-0.6652774886  
0.3982830637  
0.6056843976  
-1.568070531  
0.5916867736  
1.292761935  
-0.2852850538  
-0.428023845  
1.009638445  
-2.001985265  
-0.3851867837  
0.446093415  
0.6233985975  
3.576044289  
1.048800329  
-1.787929889  
-2.426049346  
-1.059134971  
-2.744555189  
-0.3238280267  
1.330129257  
1.326473912  
0.7163500933  
-0.02449162147  
0.1287422534  
-0.7265805026  
2.079196837  
0.3344484064  
-0.9856621722  
-2.81074111  
-1.767643668  
-2.498165618  
-1.098947895  
-3.367742905  
-1.686901618  
-0.5266554885  
-0.6240940603  
0.967687728  
0.03028758894  
1.391964723  
0.5450792555  
2.097763474  
1.65627721  
1.436209997  
0.3537781069  
0.6885257871  
-0.573480058  
-0.01718431246  
-0.5149574914  
1.105659206  
-1.210339128  
-1.457541027  
0.9319693827  
-0.2925637431  
1.525278331  
1.899027755  
2.658340131  
0.9121133369  
1.040593981  
-0.607362219  
-2.428186751  
-1.459736225  
1.04041972  
1.467616444  
-0.01520958348  
1.461645143  
-0.4990138953  
0.0848179481  
0.6455213608  
1.590315838  
-0.7143795414  
0.6695983618  
-2.38497464  
-1.163319335  
-2.952378306  
-1.14110861  
1.294127067  
-0.3941092371  
0.2181329528  
0.7984810717  
0.6781569908  
-1.791366178  
0.431040289  
0.5421992601  
0.2596385863  
-0.3840873132  
-0.02184747751  
-1.076041844  
-1.160071633  
0.01593421468  
0.3050351811  
0.8567718189  
-0.5862787154  
1.56693323  
-0.01397029078  
0.703340538  
-0.3054125026  
-0.6498051929  
-0.5039584849  
0.8220237879  
-1.005122575  
-1.729496508  
0.7994915973  
0.3463549811  
1.818019715  
0.7248407308  
0.4055002398  
-1.758252617  
-0.78646069  
-1.007774895  
-0.3028234117  
-2.108250727  
1.567777799  
-0.8239724351  
-0.7666652588  
0.4071047076  
-0.6350114963  
2.067736421  
1.718008362  
2.180628522  
0.1938710888  
-0.8870276566  
-1.804777396  
-2.120739328  
0.1098262605  
0.6870843039  
0.4894268217  
-0.3302502211  
2.100705319  
0.5194663542  
0.9958365615  
-1.120344074  
0.7473355611  
0.2696074774  
0.7194795526  
2.669446168  
-0.4095458047  
-0.5856507068  
-1.108189426  
0.6557235958  
0.2875909752  
0.2946292779  
-1.93876061  
-1.796233274  
0.566335702  
-1.166193478  
1.618179989  
3.169384723  
3.540123817  
1.695444931  
2.739324433  
-1.159684153  
-0.8329566361  
-0.481075524  
1.587386601  
-0.1016025284  
-0.3445465317  
-1.720314554  
-1.04255343  
-3.731175939  
-2.734593612  
0.8802010988  
-0.5793751623  
0.7365342197  
0.05551235746  
0.72757465  
-0.5218129134  
1.867128127  
-0.4007826173  
-0.3716476089  
-0.1573792967  
-0.2044444528  
-2.785661634  
-0.728466193  
-0.06963094689  
0.2277062625  
3.739378476  
2.188883715  
2.990118712  
-0.3721298235  
0.7918157478  
0.02728549792  
-0.2769512679  
-0.8250632882  
-0.3376766659  
-1.67134507  
-1.888990597  
-3.620219587  
-0.5146587262  
1.956503076  
1.085095262  
2.761145849  
0.4579623236  
-0.0630091709  
-1.761118037  
-1.533332966  
-1.789901291  
0.543649221  
-4.040772017  
-0.7471307062  
-3.129282736  
-1.761220166  
-2.516852624  
-2.004144135  
1.210825421  
-0.6489512258  
1.452813563  
0.4280846512  
1.677493953  
1.403245964  
2.194960477  
1.5870577  
1.842034826  
1.271473115  
2.389247677  
-0.09110195916  
1.429290062  
-0.01723041524  
0.4018280138  
-1.488574744  
-0.932837192  
-1.017420498  
-0.5160106186  
-1.661570847  
-1.114235698  
2.211249845  
1.161731306  
1.18657082  
-0.2637826752  
1.6096832  
-1.514063729  
-0.2212838756  
-2.150725631  
-0.5475258498  
3.795071091  
-0.5509067324  
-0.17183182  
-0.3896087259  
2.256431681  
1.354866171  
1.327138251  
0.1225435916  
1.288352804  
0.949946278  
-1.052829932  
0.5282906841  
-0.7285810994  
0.2674926271  
-1.329371626  
-0.6995958311  
-4.659134146  
-0.6812016769  
1.355590806  
-0.1329619427  
-0.5283039406  
1.050323612  
1.954776546  
1.180895503  
1.412431667  
-0.4020457031  
1.306139146  
0.4421081261  
0.717310874  
-1.727206237  
0.3906413336  
-3.24220897  
