-2.923730158  
-1.259372394  
1.109433659  
-1.764848658  
1.411412492  
0.8513313719  
3.309168133  
-0.9147384069  
0.04068393707  
0.1430905171  
0.5258507946  
1.666453153  
-0.3643638041  
1.947807531  
-0.3899820743  
0.9033494784  
-1.288275401  
-2.261892478  
-1.876719379  
-0.6447139886  
0.6329687956  
0.08627716163  
1.402065289  
-0.9739837176  
-1.973879983  
-0.3760087792  
-0.6514564141  
1.000547599  
-1.298025834  
2.330474438  
-0.8412434862  
0.740675153  
0.2098142041  
0.5161468083  
-0.6212421446  
-1.242881858  
1.568332895  
1.651799827  
4.054586383  
-0.2516068935  
2.172220805  
2.030397708  
2.887506277  
-1.309394241  
-2.256312173  
-0.09117978491  
0.7239517631  
1.910628276  
0.1376084039  
2.767604594  
-0.6677517066  
1.356330759  
0.2159329652  
-1.374696332  
-0.748526823  
-1.862957679  
0.3514144219  
-0.7365018168  
0.6485317487  
0.1326913814  
-3.043439385  
-0.6516714707  
-0.7126776901  
-0.5585259472  
-0.709217169  
2.674550909  
0.4599865054  
1.621613717  
-0.6132738486  
2.730895832  
-0.1027540627  
1.295722948  
-0.3732481562  
-0.4639496454  
-0.7916597324  
-4.040671406  
-0.9971520741  
0.2329256147  
1.728108035  
0.6249711451  
2.36324525  
-0.9132115403  
1.419485115  
-1.002912262  
-0.9306752612  
-2.009456225  
-2.505259761  
-1.794561004  
-2.777347749  
2.579815971  
-0.5335129017  
2.738246761  
-2.49996476  
1.117396382  
0.1153072701  
2.238856993  
-2.627433304  
-1.866093038  
0.4048689706  
-0.7702304233  
0.7959168399  
0.9205886137  
3.378336457  
-1.975855349  
2.292372677  
-1.01828254  
1.115223384  
-1.297556006  
1.249461096  
-1.598620486  
1.260811633  
-1.310876192  
-4.085347181  
-0.5617701335  
-0.4069503934  
2.192113377  
-1.265695979  
3.28483733  
0.5731360705  
1.544640673  
0.904729115  
3.094829878  
0.2566727911  
2.864260586  
-0.1088435596  
3.04039653  
-1.824814111  
-0.4379489568  
-0.3581611638  
-1.988865233  
-0.752551569  
0.3103418051  
2.784437143  
-0.3047520521  
3.633718144  
1.256526532  
3.863245479  
-0.5716755809  
0.1789445953  
1.940666848  
-1.721711327  
-1.463978113  
-1.456932153  
-0.1175883536  
-3.270475742  
-0.08866629777  
-1.533167253  
2.862424116  
0.8982005982  
5.884297426  
0.7674539561  
2.592514787  
-1.230452539  
3.33884686  
-2.6322473  
2.948231524  
-2.416381989  
1.868868181  
-0.3835126902  
-0.5676545015  
-1.364737213  
-4.433309755  
1.297899357  
0.09100088709  
3.567350246  
0.635091427  
6.853483433  
-0.576370698  
-9.379720131  
-2.534603075  
1.472707165  
-2.369688723  
1.762677521  
-1.787596321  
-3.333562806  
-3.279791431  
-2.793749785  
1.611569351  
-4.127732505  
0.5496644923  
-1.035024099  
1.436093434  
-1.299264907  
-3.287319156  
-0.8445770889  
-2.630312155  
-0.4392608561  
-2.589431121  
1.11915656  
-1.496174225  
2.847330938  
-2.159913489  
4.221745714  
-0.4220837861  
4.238921015  
-0.08393051426  
3.43256  
-0.8494077754  
2.723269004  
-1.248126886  
-2.402005268  
-0.2386358392  
-3.501890354  
-2.282174552  
-1.480875452  
1.590978104  
0.005635978177  
5.506319612  
-1.994659388  
0.7647502644  
-2.313033453  
1.670839988  
-1.805004829  
-2.243470006  
2.225827342  
-1.810762009  
0.1932399496  
-0.5453172162  
0.2052748913  
-2.067691566  
3.994298725  
-1.869090867  
1.591304168  
-0.5544593478  
-0.1399472271  
-2.911655991  
-2.060975504  
0.005271207595  
-2.454209374  
-0.2294868914  
-2.24451858  
4.655544919  
-1.137382082  
2.999365557  
-0.4515750353  
1.139488725  
-0.2940090115  
-2.829827977  
-0.9747963331  
-1.126820783  
3.643091165  
-2.616040784  
2.224686618  
-0.02994322974  
2.575053602  
0.1217911503  
-3.121735414  
0.7326908601  
-0.6009976261  
3.476523848  
-0.7225371507  
5.174166153  
-3.138912345  
0.4696655984  
-2.333287767  
1.141426509  
-2.559094931  
-0.3121371085  
-1.018822667  
-4.320353561  
-0.01053445739  
-3.994812252  
-1.407592777  
-0.09545387882  
4.690636983  
-0.4101961398  
5.25301289  
-2.020626724  
2.815464303  
-0.09822197927  
2.085403042  
-0.3197478523  
1.055059879  
-1.136290705  
-2.740004346  
-0.8659290104  
-2.085076107  
2.843113877  
-0.999831442  
3.85661368  
-0.296331525  
3.000860846  
-1.325212406  
0.2871832752  
-1.838407762  
0.2928239524  
-2.933106607  
-3.510105298  
3.123825653  
-3.79122561  
2.141517392  
-1.656686232  
2.34886759  
-1.192414356  
3.395883432  
-1.178157147  
-2.239298422  
-0.6378287242  
-3.669824766  
0.2937922277  
-1.301369405  
3.100527415  
-0.9715873056  
3.104473798  
-2.783861946  
2.11001989  
1.262126634  
4.172211882  
-0.930798966  
-0.279034946  
1.698506675  
2.285245713  
-0.7747642982  
-0.366737566  
0.4850654192  
-2.83201783  
0.7013656932  
-0.2940381016  
4.100110616  
-1.919888139  
2.878971706  
-1.215272176  
1.082112345  
-2.441005537  
2.361178864  
-3.317568039  
-2.025467258  
-1.17490197  
-3.408804967  
0.06580185711  
-1.15184899  
2.22357631  
-2.297204394  
4.04407114  
0.1376073627  
3.668506217  
-1.374564797  
-0.25808203  
1.752215121  
-2.379162462  
-1.042280696  
-1.322032539  
2.31731907  
-0.8069692946  
2.720369492  
-2.536062751  
1.003301767  
-1.196518931  
0.1982127328  
-2.148710136  
-3.296579525  
1.218773133  
-0.6398354167  
2.667947815  
-1.404973036  
3.109048597  
-2.158481804  
3.66799837  
-2.686883484  
2.338446182  
-1.71785214  
3.47733357  
-1.501706776  
-1.126022396  
0.743334536  
-2.155637939  
-1.173396709  
-2.756147101  
0.1133893936  
-2.802848621  
1.20933887  
-1.51109421  
3.718931769  
-2.426487932  
4.271950588  
-1.444328372  
1.892674786  
-1.603122422  
2.406844455  
-1.543483307  
3.477587886  
2.698774856  
-0.406693336  
-1.066760186  
-0.5654913835  
4.085865432  
-2.604723632  
2.660419897  
-1.686319245  
1.295830226  
-1.637164852  
-2.964902513  
-1.945117572  
-5.849190102  
-1.373264944  
-0.9280067417  
5.392596192  
0.2470888185  
5.684378317  
-1.649926142  
5.207138704  
-1.767298723  
2.444838136  
0.2337718036  
-2.466864343  
-2.942549248  
-4.774806861  
-0.7412339475  
-2.249880571  
1.845139095  
-1.919093932  
4.711338321  
-0.2435716803  
4.440070685  
0.3958656847  
3.626619739  
-0.7647933291  
3.380769462  
-1.726866407  
-3.679229459  
-0.4642469532  
-2.916199111  
-0.1238727918  
-2.947098868  
3.75952586  
-4.405411532  
1.44077679  
-0.5458005673  
3.241239829  
-1.061902379  
-2.293773539  
0.8105818185  
-1.708699222  
2.892167318  
-1.901899628  
4.234765841  
-1.165925614  
3.412243854  
-1.37565848  
4.163078146  
-3.694055771  
0.1219362411  
0.5363525671  
-2.165923394  
1.744584849  
-1.267494431  
4.001664943  
-3.115016941  
2.836735118  
-1.654602168  
0.1768827683  
-1.452809764  
3.105515042  
-3.414021931  
-1.585031095  
1.059025191  
-2.747596539  
4.221274833  
-1.035853913  
2.989932554  
-2.754523128  
-0.1642506476  
0.7816839784  
-4.710565372  
-0.55051741  
-1.057131337  
4.674101007  
-2.771389376  
4.162080713  
-1.730924108  
1.858088976  
0.4199257297  
4.305045234  
-0.3084056889  
-0.4686935386  
1.491059786  
-3.48632202  
-0.2188379644  
-3.210706276  
0.8406779598  
-1.264706354  
4.03406577  
-2.282384051  
3.370313387  
-2.838438584  
1.238227431  
-2.053383676  
2.958975779  
-1.823434337  
3.447145071  
0.04717147715  
-4.809791289  
-0.9615836467  
-1.53088941  
1.378950596  
-1.811115143  
5.159916479  
0.06874115287  
1.980971893  
-2.333231037  
1.867655193  
-1.22795792  
2.941414546  
-3.40377625  
-3.629177258  
-0.7695618468  
-4.843789709  
0.5415809217  
-1.917054151  
1.996279379  
-1.755449887  
4.88189471  
-4.485984306  
1.416104808  
-1.09776403  
-3.218832727  
-0.8595403579  
-0.5504474886  
2.666252392  
-1.061572513  
6.707491127  
-2.076148656  
4.930379161  
-1.132822934  
4.106573493  
-2.967480179  
4.066351736  
-2.77973994  
1.072379681  
-0.5855264699  
1.741611932  
-2.811525638  
2.125178589  
-0.2001233331  
1.669640548  
-1.122920926  
6.153643472  
-2.070923778  
-2.499953978  
0.2655985496  
-6.130021521  
-0.9265392898  
-1.54422914  
3.200947334  
-2.074670729  
-0.1747039392  
-2.782441757  
3.696678082  
-0.6294769114  
2.574444321  
-0.6065587632  
4.600540412  
-1.045490236  
-3.305577415  
0.3245319505  
-3.781976326  
2.483276061  
-1.354252257  
3.36962951  
-2.151514568  
3.364871892  
-0.628533531  
-1.665058939  
1.246165365  
-2.93162808  
1.121392523  
0.1212512615  
3.396724112  
-1.868877554  
0.9090967817  
0.2083280864  
-3.54698486  
2.175553323  
-3.873361026  
3.106752296  
-1.506817392  
2.95635574  
-2.121168949  
4.371650838  
-2.588186164  
1.898838672  
-0.9753559651  
-2.628083229  
0.06985574737  
-2.318608132  
-0.7267307311  
-2.268544966  
2.797810319  
-2.849109329  
5.89404375  
