-3.015026391  
-4.134844913  
-0.5648903428  
0.8130500814  
0.4049007164  
-1.033292715  
0.2142901726  
-0.1402477645  
0.1109710741  
0.4505216804  
-0.7757930346  
2.101688458  
0.3315928458  
1.066711595  
-2.060829117  
0.053623426  
2.056545156  
1.925713633  
-2.050261225  
-2.240573516  
2.956205668  
1.01637835  
0.9610617163  
-0.9638825465  
1.49876117  
-1.695875418  
-0.6489966542  
3.07763974  
1.638481697  
2.170118676  
1.218502111  
3.080744802  
-0.06206674027  
0.7509844076  
1.371795038  
4.404474587  
4.544303364  
1.185081922  
2.164019876  
3.03460147  
3.237519487  
0.1746102778  
0.2433106861  
1.109272533  
1.694574165  
-3.676054946  
-5.287730312  
-2.74801436  
-4.526197616  
-3.230254313  
-3.591556439  
-0.03770030191  
-1.233792057  
-0.006745280035  
-0.008300471191  
1.391662178  
3.229662794  
0.0516578114  
0.1378130111  
-1.065887966  
1.268375435  
-0.3230009911  
-2.38954926  
-0.1882092163  
-1.377820575  
-0.8405462384  
-2.880471411  
-0.9796110684  
-0.6618228075  
0.2107430244  
-3.069351044  
0.4901975612  
-0.3623453847  
-1.484635082  
-2.662312959  
0.9914586627  
-0.5595942153  
-2.179964531  
-0.5650657472  
0.1438445004  
0.07102564598  
-2.049029704  
2.384202974  
-0.5142692338  
-0.8455619198  
1.724447118  
0.9723778635  
-0.09519147827  
1.959720431  
2.624798962  
-1.505551857  
-0.4492751002  
1.272343616  
3.209741628  
-0.4874934462  
-0.1050823808  
2.167796966  
0.1981048788  
-2.056604119  
-0.3693897653  
0.8964403532  
-1.347432158  
-1.093446857  
-0.824137702  
-0.6698910398  
-2.227284697  
2.282401254  
-0.7947498879  
0.8260912678  
-1.717072212  
-2.566402843  
-3.222901969  
-1.09218446  
-1.579503358  
-1.227940109  
-0.3543155853  
1.910468979  
2.292577101  
-1.5747472  
1.66231069  
-0.7700067156  
0.1515560595  
2.599738541  
2.154485897  
-0.15257241  
1.456333173  
2.682683883  
0.5394134186  
-1.410063865  
-0.9826414913  
0.2357836133  
-1.440107346  
-0.2202010693  
0.4468015186  
2.020040693  
-0.2771906327  
0.5793634567  
1.252607122  
0.07708528793  
-0.9592022173  
-1.661467971  
0.5073185865  
-1.044189928  
-0.3536453729  
2.446500015  
1.005714494  
-1.892812248  
1.699379388  
-1.847692266  
-0.8870665901  
-1.161735143  
0.7164595224  
1.053154883  
1.235537553  
1.371128781  
1.807314302  
0.9130958587  
1.11018886  
-0.9631353687  
-3.12453675  
-3.106013092  
0.6969022666  
3.056497264  
0.2435545346  
2.599324997  
0.113492434  
-0.3809175762  
-1.396769552  
4.65034038  
0.8204997209  
1.603495658  
-0.1472918924  
1.322983012  
1.028936417  
-0.8706044932  
-3.002002541  
-2.420675758  
0.7242327214  
0.8957973079  
5.288534885  
1.667842895  
0.6242742376  
-1.60598342  
-1.483001615  
-1.193465775  
-2.118617212  
-2.165456946  
-0.5891371213  
1.416138508  
-1.31717418  
0.3901389557  
2.44619021  
2.705365953  
-1.067479949  
0.9759267187  
-0.4452046645  
-1.038305577  
-3.455507696  
-2.742670497  
-1.04610322  
-1.987589156  
-2.526522099  
-0.2264116408  
-1.262919547  
-2.616621614  
0.660384556  
-0.2162038516  
0.6993061866  
1.053384378  
3.55071552  
-0.2725870896  
0.6198743072  
1.045438593  
1.386797361  
-0.7689432935  
-2.913425836  
-0.6318258978  
-1.631021197  
-0.1551480169  
-2.542991001  
-1.11915268  
-0.6546013465  
1.109432569  
0.01032922984  
0.07242392174  
2.179700586  
1.552481531  
0.4821917798  
-0.4087273005  
-0.06761417187  
0.8664547652  
1.550354084  
-1.843701408  
0.3127644695  
1.256233399  
0.06909966113  
-1.117229611  
-0.978645763  
-0.002189975726  
-1.426020487  
0.5564329633  
0.5576168781  
3.260015861  
0.5685461406  
0.008077169601  
0.6689990926  
1.702503967  
0.6323599802  
-0.3910665971  
2.510959688  
0.8917003442  
0.4731898114  
0.4529407002  
-0.1247573082  
-3.833217299  
-1.491350678  
-0.2449598806  
-1.252679676  
-0.2011978086  
0.1062570653  
-0.5303071955  
-3.257836634  
-1.815451355  
-3.170293462  
0.2120770836  
-1.178771597  
0.3193797923  
0.432483593  
2.914075909  
0.6272963446  
1.933173053  
-0.0142833212  
-1.148426919  
1.975572838  
1.736998197  
-1.376909823  
-2.541751136  
0.1279276217  
-0.01272775738  
1.829806357  
0.2000640425  
2.805248584  
-0.003566188419  
2.375252794  
0.257245125  
-0.5257901353  
0.3904277711  
-1.553991734  
-0.8398559612  
-0.6075574064  
0.8308301768  
-1.002910092  
2.147982353  
-0.7230613505  
-0.7012389489  
1.305251971  
-1.297264777  
-2.85851451  
0.06719617959  
0.05944235914  
-2.079219952  
1.929928215  
0.5017467922  
0.9568257374  
0.2436726012  
1.863260463  
-0.7059168848  
0.6265725666  
1.283220479  
-1.038931573  
-1.202990361  
-2.470111129  
1.379998593  
-1.588707488  
-0.204382142  
2.008093703  
1.797536914  
-2.906076605  
1.324032353  
0.6669742124  
2.086146602  
-1.026788788  
1.066480678  
0.4235667079  
1.425894158  
2.440709082  
0.1628667208  
-1.994980842  
-0.388858551  
-0.6393348502  
-3.386567612  
-2.522424702  
-0.2670717042  
1.849930651  
-1.536378867  
1.557237347  
4.018686957  
0.9318892589  
-0.1366519296  
0.6201202957  
1.135689284  
-1.979654611  
0.00213627818  
-0.3249065395  
0.995345756  
-3.093759509  
0.4768725692  
-0.1903387906  
-2.354071164  
0.9774796719  
-0.07404688287  
-2.956520973  
-2.728125424  
0.144927505  
-2.637780581  
-0.9051213529  
-2.120686363  
-0.4754910824  
-1.73612948  
2.929355692  
-0.1933424784  
1.855645685  
3.307371621  
0.7923904006  
-0.6250444417  
-1.136317462  
-0.8212381179  
-2.646599246  
-1.692867468  
0.8571187383  
0.8897351434  
-1.245525648  
1.510062872  
1.973551716  
1.496662136  
-0.31855914  
1.582691294  
1.740953505  
1.69134933  
2.680917076  
1.536998633  
-0.2645076599  
-0.6693557132  
0.2541822581  
-0.7801105153  
-0.03198879501  
1.323067747  
1.998650005  
-2.745967349  
-0.3710864014  
-1.614854212  
-3.619819133  
-3.55052864  
-0.4701681903  
0.5678012065  
-1.394243429  
1.504274925  
0.6031702996  
0.2048035231  
0.4919939234  
1.201241851  
0.8683216891  
0.1463292843  
-1.238133692  
-2.483193166  
-0.5266347926  
-1.436590424  
-1.451681472  
-0.138031934  
1.582385101  
-1.565340579  
0.3801969231  
0.6451129233  
1.382068826  
0.1145416053  
4.252157026  
0.4117069973  
0.7164104301  
2.45615387  
0.293949948  
-1.968955055  
-1.430197277  
2.43990079  
-0.9595235833  
-0.8312339074  
0.6520837638  
1.666972889  
-1.759627706  
-0.7461626978  
1.342444714  
0.6141435239  
-0.3058865066  
-2.199297144  
1.465182794  
0.05630104887  
-0.431068776  
-4.007327715  
0.5952909462  
-2.154105132  
0.04066635813  
1.368045617  
-0.4265368872  
0.3867513718  
0.3187129444  
2.04882782  
-1.47528395  
0.378055982  
0.308265694  
0.5915286099  
-1.43230979  
1.979992197  
-0.7440690341  
0.01419020624  
2.182833756  
-0.9136160091  
-2.621156199  
1.963380294  
4.069486277  
0.6145425585  
2.20555251  
2.0799238  
-0.3607429713  
-0.995406051  
0.8952282643  
-0.3340996971  
-0.9961445651  
-0.4071739462  
0.8824604985  
1.618744112  
-0.6072609986  
3.172298666  
0.9495254278  
1.081466284  
1.155394501  
-1.626156488  
-1.025273284  
-0.3937162435  
-2.931577214  
-3.436761076  
-3.164367672  
-3.200354577  
-0.8366017236  
-2.511506583  
-1.252209124  
-2.825490172  
2.500823343  
0.2916422822  
1.452653854  
3.268908221  
2.292521945  
-0.6321122583  
-0.8366001473  
-1.114374138  
-1.618541423  
-2.042568917  
0.4101542106  
1.666160439  
-1.881717369  
0.3801884031  
-1.257826955  
1.571812352  
2.295552203  
0.1025841152  
3.583663337  
0.07110408646  
-1.650483711  
1.205584726  
0.2254959534  
-1.231332372  
0.3580471591  
-0.6913915212  
0.9348902999  
0.1347636825  
2.067410366  
-0.681284186  
-0.1880304848  
-1.343147441  
-2.51271165  
-0.2499317266  
-1.330941566  
0.8764442078  
1.253947431  
2.51820702  
-1.893135707  
0.8980344566  
0.3314715626  
1.084438961  
-0.9112454629  
2.793961381  
-0.7683118956  
-0.8067715074  
-0.04020693701  
-0.6449480996  
-1.573961577  
0.7984477584  
1.809409668  
1.273152057  
1.396238577  
1.657833427  
-0.691108978  
-1.672204908  
-3.614310688  
-2.183328032  
1.135149804  
-2.948837923  
-0.4733989708  
1.141825611  
1.416680585  
-1.277584162  
3.176912496  
0.8165515745  
0.4037619007  
1.561399248  
0.3081433334  
-0.3449765884  
-0.6631937869  
0.6142184271  
-2.923006906  
-0.3852643996  
-0.4094859644  
-0.1060952109  
-0.1010768853  
0.5512711764  
-0.265163286  
-1.094279615  
1.120916979  
-0.4372121507  
1.714610387  
0.6505439337  
-0.533980154  
0.9955657247  
1.284361848  
0.08678728885  
-1.058856736  
2.315709649  
-1.076914367  
3.488504846  
2.062555869  
2.963828352  
1.076548194  
2.168801851  
-2.470931208  
-1.251161463  
-2.044215915  
-1.964000584  
-1.43009119  
-2.892688425  
-2.635101501  
0.1560736567  
2.593261621  
