-2.363815686  
-1.174630475  
0.6210972095  
-1.06865331  
0.1496351874  
1.375738622  
1.950536807  
0.9432349709  
0.6052209088  
3.384628174  
3.770273192  
4.631719081  
1.842161553  
0.6370276783  
-1.260697438  
-2.909883833  
-4.597077178  
-2.04754074  
-3.756855025  
-5.06431834  
-3.851158462  
-3.15708582  
-0.8198342689  
0.4113408208  
0.6725549455  
2.395915831  
4.189691643  
4.155708005  
1.155427417  
2.586242003  
3.287391638  
3.167560963  
3.881778475  
4.438810062  
2.019121054  
-3.585590741  
-4.350831139  
-4.988005236  
-3.254003354  
-3.442217566  
-2.693458991  
-1.379019694  
-0.6624864111  
-0.9777520879  
-2.52133081  
-0.7001354224  
1.388145315  
3.319764801  
0.2149342694  
2.123716118  
4.048314629  
4.195280256  
4.292079295  
4.007456847  
2.732445809  
0.679219944  
-1.661354106  
-4.014156475  
-2.327095298  
-0.6761891018  
-1.577752052  
-1.54918317  
-0.5308810801  
2.116168465  
-0.4728694003  
0.01587441872  
0.3081432013  
2.333506172  
0.5469439293  
0.4557038329  
-1.646537258  
-1.061654148  
-2.484155161  
-2.890588454  
-0.6246880066  
-1.313174257  
-4.393616369  
-4.526363934  
-0.6352155272  
-2.790298596  
-2.14805923  
-0.4168816784  
1.754516156  
0.9682944388  
1.856824152  
1.888045233  
1.270596054  
2.818553279  
3.388808904  
5.142319089  
1.646477536  
0.2657215086  
-3.347150171  
-3.77465275  
-2.328270908  
-1.404586923  
-2.157340746  
-3.179600957  
0.5896887336  
2.419850427  
3.558560675  
2.530884874  
3.60099371  
0.1734873573  
0.4061752824  
0.09198694634  
-0.2361401736  
-2.935288196  
0.1650683033  
-0.9173205787  
-1.320287001  
-0.6639883884  
-0.5587542128  
0.7595044862  
-0.686317923  
-0.03568615693  
-1.957966951  
0.0696978781  
0.7192159746  
3.96107284  
4.453709894  
6.291557208  
4.641860435  
2.889395961  
-0.9914822462  
-3.274209653  
-7.240372751  
-6.563335028  
-4.419315106  
-5.86965995  
-4.786787924  
-3.844188445  
-1.39038195  
-0.355554537  
2.202024905  
1.202851091  
3.224210543  
2.526697721  
3.69631022  
6.583602957  
5.224360334  
4.314369986  
0.5528589282  
0.4269712006  
0.207320363  
1.188813687  
2.169576673  
4.581503254  
5.320062662  
4.331607847  
-2.726014292  
-3.277598639  
-5.368289949  
-1.386261554  
0.9881729009  
2.978896965  
0.8428558254  
-0.9461899697  
-1.782641951  
-0.4530275448  
0.2697605644  
-5.19114341  
-4.833467823  
-3.276055887  
1.303777611  
1.322745888  
1.198404067  
0.7131824861  
0.1624834213  
0.2003061121  
1.000934249  
1.717393672  
1.907404523  
-0.5831943256  
-3.421692728  
-5.001885628  
-5.330520437  
-2.544330368  
-0.2457449599  
1.028329862  
-0.4180423033  
1.659553244  
3.446948378  
0.7623291289  
0.9784076194  
1.850169527  
2.553139473  
2.917469705  
2.935911488  
1.249634895  
0.5836414125  
-3.6343578  
-3.473464657  
-5.609397225  
-2.910136839  
-4.094010759  
-3.372427795  
-3.444661703  
-0.5185621007  
1.081737433  
1.332162122  
0.2604933829  
-0.7101844834  
0.1565568944  
2.491595455  
5.322933298  
4.234949713  
5.576074897  
2.667388035  
0.02388140253  
-1.942442784  
-0.7044848766  
-0.5267368055  
-1.727191646  
-0.3020668902  
-2.27743193  
0.6183339119  
1.904385501  
5.013553287  
3.953590444  
4.697617447  
2.372673231  
1.953343908  
2.109782119  
2.279216944  
-0.5490453551  
-6.135059328  
-8.332340669  
-7.299287254  
-7.560846936  
-7.578407971  
-4.006951948  
-1.871762286  
1.792317104  
2.064005717  
2.518694527  
3.014332832  
1.220697225  
-1.741717019  
-2.596248993  
-1.009070001  
-3.189478462  
-0.7529891447  
-0.07739475626  
1.813659484  
2.237488737  
-0.5415977784  
-0.594819091  
-2.201796595  
2.140427336  
0.6254828361  
0.06769617818  
-2.222807506  
-2.233271249  
-0.4346037715  
3.497237637  
1.136227729  
0.06991506881  
1.785687967  
1.2088256  
3.157907552  
2.238304542  
2.601400915  
1.910815691  
3.434626712  
1.294217159  
-0.6767646745  
-2.333041676  
-1.539650658  
-3.308183166  
-0.2797701822  
0.1395138139  
0.9104491758  
0.8568638339  
-1.729342402  
-0.4688910534  
-3.311612023  
-1.67891173  
-4.044889954  
-1.436530726  
0.3173509014  
2.779762505  
4.081138358  
5.298259998  
1.200042501  
-1.482900858  
-0.4328283842  
0.3485177785  
1.446383812  
0.1938961357  
1.630165129  
1.609783304  
1.555550759  
-3.622683209  
-4.031400414  
-3.395983023  
-3.049290646  
0.5731404786  
-0.5122719763  
1.276750661  
-0.4707398254  
0.9326479027  
-1.710293083  
0.4967584819  
0.7396001765  
1.954437391  
1.740730032  
3.241098403  
1.685854833  
-1.266911082  
-1.188516804  
-2.351043098  
-2.588784714  
0.05485596196  
2.607398648  
1.865149834  
3.722763719  
2.502350795  
2.475263237  
-2.273341508  
-1.703053965  
-2.213657576  
0.1406125086  
-0.6375661744  
1.561068499  
0.3883063214  
1.098579206  
4.289205587  
2.421458146  
1.129793168  
-3.504927788  
-2.079501824  
-3.140063938  
-2.045324333  
-4.907089505  
-2.539383619  
-5.063109466  
-3.701004258  
-2.073457248  
-2.68311134  
-0.7110946331  
1.311492865  
5.005511168  
2.720255119  
3.256654815  
1.282767799  
2.886030753  
-0.2746086028  
-0.3582809283  
-1.690051257  
-3.438182  
-0.02753772572  
-0.1540185764  
2.234691675  
3.056559156  
5.196327676  
3.636276947  
4.548570235  
0.7376298217  
-2.420028439  
-5.800711806  
-3.102217355  
-3.872397372  
-4.488481728  
-3.566382391  
-3.348130077  
-3.986433617  
-3.947974376  
0.5059597022  
1.578962339  
2.801564633  
2.230011242  
4.293665796  
0.7520648382  
1.530410038  
0.09257325638  
1.41658866  
-1.413553523  
1.170144584  
2.187595455  
1.595854027  
3.0260288  
3.090693518  
1.896396952  
-0.8243219403  
0.1344773985  
-2.802823708  
-2.9402042  
-3.817520599  
-1.374632031  
-1.870821221  
0.4591041108  
0.300959524  
-0.2266966575  
1.274567799  
1.431961256  
2.270112768  
-1.647889376  
-0.03403706098  
-2.895473481  
-2.096277433  
-3.388829349  
-1.375716003  
-0.6681444961  
-0.5025482614  
1.396689758  
0.4108184432  
1.851457557  
0.462685938  
0.1677995152  
-0.4545485016  
2.177645791  
-0.2417023795  
2.414500676  
2.815801602  
3.812583111  
-0.7631548946  
1.28049494  
1.540186927  
-0.9906341388  
-0.3660888798  
-1.520526569  
-2.23947936  
-2.820758898  
0.7290203958  
-1.131947837  
-0.05720585252  
-1.61813237  
1.371014729  
0.9516282344  
-1.011422692  
-1.37910568  
-1.541201619  
0.3836627409  
-1.491175591  
0.2435541144  
0.5054216196  
2.603643768  
0.9708110195  
3.780677166  
1.914509025  
1.390341476  
2.874189324  
0.3304514143  
0.0857922862  
-0.7744336713  
1.646238554  
-2.20885758  
-1.54092872  
-2.280534275  
-0.4377002701  
-0.8930714552  
2.63285467  
0.9867309803  
-0.2569715214  
2.105560956  
0.8870786085  
0.3896590252  
-1.941348354  
-1.501246905  
-3.057417906  
-0.8736627331  
0.8633919605  
0.04929427368  
0.5018961175  
-0.2640254438  
2.253225932  
-0.893979695  
0.8831093902  
0.7169920094  
1.408238141  
0.4493865911  
1.69482418  
-0.5618235971  
-0.2420493438  
0.3414899535  
-1.92604752  
0.1013566526  
-2.770599234  
-2.798087467  
-3.95152322  
-1.683653593  
-1.638355936  
1.80721421  
1.834031191  
3.120817501  
0.7514777619  
1.962445894  
1.073630717  
0.8132775715  
0.5584030358  
0.5732047429  
-0.4584314833  
-2.809505801  
-1.94192648  
-3.696537017  
-1.426161357  
-1.492942969  
0.9984798888  
0.6009512117  
3.54612134  
1.249787502  
-0.1431104941  
-1.578505818  
-0.8563629435  
0.6268996467  
-0.283396077  
0.1704043067  
-0.4508755406  
1.738834552  
-0.1637201312  
2.595774986  
-0.4374152206  
0.2588437052  
-0.8468870799  
0.2297505884  
-0.2124072317  
0.7233206924  
2.811725603  
0.6282492233  
2.771838087  
2.17804181  
2.219264493  
1.127971604  
2.650729808  
-2.902841325  
-1.688369582  
-2.507423185  
-1.06813136  
-3.255312571  
-2.886663464  
-3.196269874  
-1.155288657  
-0.8511334789  
1.470568102  
-0.1125753599  
1.460609142  
0.989985722  
-0.8324057904  
0.7957790136  
0.2195261348  
-0.05262244769  
-0.5000391032  
3.212251311  
2.237454342  
4.39826791  
0.9439878472  
0.6629885317  
-1.897663836  
-1.632486742  
-5.128906534  
-2.993945664  
-0.3758607735  
-0.6141266493  
1.220571621  
0.01529506722  
1.335196594  
-0.2868551795  
1.912070853  
-0.05812007214  
3.569978249  
3.806786415  
1.021234695  
1.845831864  
0.9958386544  
-0.7512212841  
-2.809056607  
0.1569041316  
-2.531282737  
-2.112575899  
-0.1989683427  
-0.8818473943  
0.7004666178  
-0.871669798  
0.7319262186  
0.691720296  
3.120139825  
-0.1878367521  
0.5461439111  
-0.9340763277  
-1.210425825  
-1.814720326  
-1.298249938  
-1.960682055  
-1.653801128  
0.7025423543  
0.09965620634  
2.649604181  
-0.002580163381  
1.980256819  
