1.8301968  
-0.5430315736  
-1.983759132  
-0.2085286887  
1.420193492  
-0.6983990509  
-0.5224864263  
0.727481325  
0.2451457112  
0.5197077408  
-1.549479126  
-0.8397231421  
-1.56997675  
1.547037044  
-0.7801848411  
-1.099931386  
-0.8487714371  
0.2514681568  
0.822917911  
-0.4259483043  
0.8620281537  
1.013008809  
0.6215434962  
-0.8491215836  
0.7515181953  
-0.09246518206  
-0.5828206432  
1.924463974  
0.006380888891  
0.8843362009  
0.2090087373  
1.272127511  
-0.1571990895  
-1.331233933  
0.8667130025  
1.187855273  
0.03527159951  
0.9910008608  
0.06385739866  
2.566390517  
2.680936865  
-0.8093943713  
-1.444692945  
1.415212694  
0.6690845136  
1.616025916  
-0.2709068475  
0.5813484909  
-0.04874963372  
-0.5737820227  
-1.390413898  
-1.502808843  
0.188925274  
0.5600803812  
-2.254697743  
-0.2098751971  
1.456453868  
-0.5063528197  
1.925872405  
-0.08072517553  
0.9006177483  
0.4180391814  
-0.4085286164  
-1.832842582  
-1.119710466  
0.7279089111  
-0.5290862602  
-2.795418411  
-0.8379905445  
0.093202025  
-0.5508182517  
-1.886443702  
-1.697964131  
0.2634862383  
-1.826908394  
0.7036535814  
-1.635327741  
-0.96889674  
-2.189273846  
-0.9163342929  
-0.6248923299  
-1.190942485  
-0.3181491918  
-0.08614435255  
0.6343185843  
1.539070965  
1.858280724  
-0.4182920523  
1.125212841  
1.498022592  
0.8036921132  
-0.6995510144  
2.255423864  
1.051888364  
0.02331382447  
-1.132535561  
0.002390740478  
-1.476838478  
0.5763995867  
-1.749957935  
-0.4646222925  
1.134180741  
-0.4591663809  
1.038307909  
1.086511598  
0.3431804846  
0.2735477152  
0.66740561  
-1.287498964  
0.2783113745  
0.03989835462  
-0.500848673  
1.644870208  
0.7577856249  
0.6683931058  
-3.283601638  
-1.182613897  
-0.9617877774  
-0.6982213658  
0.7811991449  
0.1429836514  
-1.342641429  
-1.015312291  
0.1334936937  
1.590918072  
1.202074271  
1.269993326  
1.835192234  
1.144678676  
-2.088202876  
-1.37091214  
1.266328199  
-0.2225286526  
2.025334517  
0.5156180259  
0.5724788879  
-0.6735498933  
1.041053542  
-0.1485407345  
0.3774739527  
-1.499322957  
-1.980256756  
0.6269129874  
-1.297854466  
-0.8307793091  
-0.4920442507  
-0.9729794435  
-0.04482475146  
1.132706956  
-1.629826954  
-0.6142408865  
1.105255374  
2.738734783  
1.184920516  
1.505876593  
0.2710766635  
1.831156695  
0.8670816756  
0.7503198917  
-0.6720557351  
-0.2278651111  
1.726222021  
1.392571228  
1.696448395  
-1.81340841  
-0.6531036768  
-0.2089212816  
-1.423852022  
-0.4300954167  
-1.727050946  
1.08049038  
0.7231622775  
-1.494720886  
0.375003522  
-0.09531031221  
0.1267599963  
0.9658230241  
-0.001757061958  
0.2674082465  
1.996496319  
-0.5065593023  
-0.7103622318  
-0.2043313192  
-1.774681935  
-1.092913194  
0.06284707408  
-0.906817526  
-1.032399189  
-0.2933563277  
1.18495922  
-0.5506385733  
1.092494515  
1.911299831  
0.3505857298  
-1.776696709  
-0.3426435061  
0.3625973319  
-0.07495965843  
-0.3039455483  
-0.2030912563  
0.3588358138  
-0.8796513519  
-4.536008002  
-2.109943979  
1.431021259  
-0.3667705419  
0.4886974588  
1.065949186  
1.036218695  
1.501371637  
0.472944578  
0.7959546327  
1.708404807  
1.411073108  
-0.2749498764  
-0.08862802918  
-0.4857812308  
1.869344889  
-1.520759173  
-0.4395202376  
0.4622933063  
0.9676248202  
0.9507664874  
0.08164369719  
-0.6111567549  
1.276089567  
1.352825039  
1.209884711  
0.05094152994  
-2.097884596  
-1.430702215  
-0.1658371952  
-0.9707127889  
-4.025351723  
-0.1626183392  
0.7653548151  
0.6663683659  
-1.310814979  
0.1780230952  
-0.3973741355  
0.8890335521  
0.7448615897  
1.362510374  
0.9030143509  
-0.1353518309  
-0.3410102115  
0.2203272138  
-0.3236665565  
-1.400386566  
-1.346674794  
-1.027073345  
0.2429762803  
2.24912845  
1.584673847  
1.464442177  
-1.276867566  
0.5472564214  
0.5831393742  
-0.6604862821  
0.1485531803  
0.5539513456  
-1.744876553  
-0.7358065969  
-1.383357655  
-1.713305989  
-0.8817367593  
0.0766199077  
0.7713948096  
0.6611969067  
1.213364254  
-0.9504907589  
-1.125579311  
-0.9323353437  
-0.8822246677  
-0.1605808205  
0.0620748664  
-0.06106323465  
-1.067621104  
-0.007750401544  
-0.6108392919  
-0.4995038646  
0.264923926  
0.8894260135  
-0.03894319792  
0.4188628499  
1.493480416  
0.5024520949  
-0.204090395  
0.8311109972  
1.348938019  
1.222955586  
0.5437232379  
-0.4710736438  
-1.078564554  
-0.6572132737  
-0.1945774193  
1.504109231  
0.9844424637  
2.49590353  
-0.1711641399  
-0.6888248161  
-2.303597213  
-0.4864506086  
0.8993589734  
-0.1892660071  
-0.9587049285  
-0.6531884625  
-0.3443246664  
0.1289128698  
0.02005327743  
-0.6561206482  
-2.333614781  
-0.3945880452  
1.087637728  
0.3511798593  
0.3940596322  
0.2138482129  
-0.722878749  
-2.478371872  
-0.670991292  
1.273234865  
1.65979266  
-1.105403212  
0.2742293367  
0.4195635859  
1.544260121  
0.1916381921  
0.5804360758  
0.5593336591  
0.1892437434  
0.8262244745  
0.02981170958  
1.446798788  
0.8859144658  
1.014015329  
-2.600093617  
-0.4135646594  
0.8996587126  
0.1385537327  
-0.7960870994  
-0.5465240142  
1.649964472  
-0.3125039791  
1.211768962  
1.6184783  
0.5856939569  
-1.957247716  
-1.19196346  
-0.03137551285  
-0.02079951088  
0.114504277  
0.7266803849  
-1.045842716  
0.54617672  
0.7005058428  
-1.131223829  
-0.4426238925  
0.9394375722  
-1.716134247  
-0.0228287986  
-0.2866308071  
0.6163522139  
2.848540845  
-0.6811255785  
-0.3339564479  
-0.9691722375  
0.07139658519  
-2.162756065  
-1.23287918  
1.088667417  
0.1129940332  
0.0989139101  
-1.641387934  
0.2011704645  
0.009655048069  
-0.5383592174  
-1.764922044  
0.9377879212  
1.825071487  
1.434552184  
1.837002989  
-0.07546500769  
-1.542516415  
-0.4796023929  
0.5354628065  
0.1835536739  
-0.1363699487  
1.521341059  
0.5567106445  
-0.5339332043  
0.5052272782  
0.5221276678  
-0.9002532416  
1.096009631  
0.1325457923  
-0.7127371473  
-0.1188013341  
0.5516600992  
0.5136686645  
-0.3466910594  
1.60267437  
1.397136813  
-0.200998553  
-1.387920057  
-1.675505465  
0.1213099061  
-0.8194342982  
-0.6067229442  
-1.24986317  
-0.1016342888  
-0.993813629  
-2.686372564  
-0.9909415029  
-0.2212307274  
-2.16507965  
0.4298572361  
-0.3080262367  
-0.2782140532  
0.7557722056  
-0.01355919391  
0.7891804395  
0.6128431687  
1.504604377  
0.6262260828  
1.53801744  
2.758315912  
2.176310481  
1.272316001  
-0.4545051076  
0.5813467457  
-0.2449585214  
-0.7478618931  
-0.9681943929  
-1.174252063  
-0.4717540872  
0.07036063901  
-2.018984194  
0.8441004712  
-1.097684257  
-1.201093497  
0.3390152356  
0.364489126  
1.048961979  
-1.330961146  
1.294667098  
0.1653161538  
-0.9344800567  
-0.5281163888  
1.661288685  
-0.3325793329  
0.7414753663  
0.3080949576  
-0.5583415248  
0.1034177156  
-0.8837546624  
-0.3790400089  
-0.4829311001  
1.967128446  
0.607237631  
-1.056444272  
0.5434021096  
-0.1605197153  
0.8336160436  
-0.7821138579  
-0.8940363644  
0.8588976599  
-0.06480260141  
-0.3476523203  
1.2025104  
0.5690589031  
0.7002468029  
0.5326407102  
0.02887660557  
0.0419187919  
-0.4031879223  
0.538822681  
0.563772801  
-0.8802056356  
-1.774517972  
-1.285243134  
0.4306188012  
-2.143344438  
-0.8983420338  
1.031364588  
0.3273274173  
0.3863709371  
-0.03697020888  
-1.723702935  
0.6882547519  
0.09232296924  
0.05878661876  
-1.905318832  
-2.787811133  
-0.2596445053  
-0.8458759928  
-0.8283306082  
0.7772724579  
0.1329037991  
0.5443311722  
1.218535644  
0.2027008425  
-0.7030572236  
1.172788089  
2.312883502  
-0.7310704696  
0.5075768352  
2.541209624  
0.5140456616  
-0.2755875573  
1.097214445  
0.2557899872  
1.446525979  
1.724016976  
0.4388870947  
0.1295645047  
-2.490107093  
-1.037654908  
-0.9430644724  
-1.79707748  
-1.891191306  
-0.8873207509  
0.4814147686  
0.6326736534  
0.4039407866  
-0.3425892028  
1.349828789  
1.844514181  
0.7389629185  
1.328011532  
-0.292542801  
0.5314092684  
1.371630246  
0.06887577766  
-0.4756009599  
-0.2512746032  
-1.189766326  
0.6111899642  
0.8644831855  
-1.574182661  
0.9987092172  
-0.6336286627  
-1.68890256  
-0.1113638583  
1.246753448  
-1.544290116  
-2.034130979  
-0.6398671545  
1.931999373  
0.7115063669  
-0.2665752242  
-0.361996932  
-0.1352009728  
1.253649274  
-1.216034514  
-0.186698831  
0.8309356346  
0.3911655623  
-0.3918355794  
-1.463338789  
-1.407073747  
-0.1391304492  
0.05347236407  
-1.16512077  
0.2365262099  
0.6806616369  
0.9956129888  
1.031915655  
-1.424602822  
-0.06464650622  
-0.2334207031  
0.9350811202  
0.5561499881  
0.9128634997  
-0.5297551447  
-0.5299694555  
0.1884182632  
-0.106762154  
-0.2309559955  
2.15871684  
0.8289638653  
-0.1506263835  
-0.711410788  
-1.733453663  
1.200311752  
0.4114920691  
-2.16299336  
-0.9606637423  
-0.3475414468  
0.7708856587  
1.094306467  
