-0.6236329522  
-0.8721863677  
-1.698347437  
-0.9618272014  
1.584083995  
0.2698422473  
-0.455041153  
-0.6802124225  
1.130803698  
1.048897773  
0.3136096166  
0.032395812  
0.9970994711  
1.297094465  
-0.1963359456  
-0.5970541157  
-1.327902445  
-1.063904827  
1.6083652  
0.3291738422  
-0.9813406908  
2.026318302  
1.757709926  
-1.573403947  
-0.4116073005  
2.368546717  
0.485083788  
-1.979375297  
1.051769531  
0.7321497609  
-1.714681432  
-0.9433226851  
0.1616215542  
1.88198468  
-0.5655834936  
-0.5367815202  
-0.380420625  
0.07609619304  
0.9891158514  
-0.6701715951  
-0.8806535289  
-1.131405271  
0.8956725405  
-1.170915229  
0.5234358739  
1.780512898  
-0.8409580091  
-2.292353387  
1.306216832  
1.686144894  
-0.6628809364  
-1.350684496  
0.9597440712  
0.1363023402  
0.2379401433  
0.02033978299  
0.6132808636  
1.579157426  
0.587895149  
0.1805553775  
-1.473071071  
-0.4241411406  
-0.4646819598  
-1.385361679  
-0.6727199961  
0.7375162055  
0.1572067415  
-1.240184761  
-0.6007846841  
1.605771919  
-1.303260438  
-1.559001529  
0.2586849101  
2.381276176  
0.6218253541  
-0.911806567  
0.5139284729  
0.2883461869  
-0.7478120067  
0.1787394638  
0.3629215608  
-0.6036371422  
0.01770029686  
0.7627844612  
-0.9980491385  
-1.489190856  
1.493136318  
0.9775884925  
-0.7731611975  
0.3347167057  
-1.508948254  
0.115184018  
-0.2212891388  
1.482980626  
-1.811456291  
-0.3828632051  
0.4748919725  
0.1510115242  
-1.523645188  
-0.3176055182  
-0.3631062125  
1.02915584  
0.7988403123  
0.2373044742  
1.813221032  
0.6045356105  
0.4897198384  
-0.8151332339  
0.1637734125  
0.08201596613  
0.7862421803  
0.1100961656  
-1.136163509  
-0.8474192279  
0.2441990661  
2.260852558  
-0.09939718791  
0.7435044327  
-0.9037313896  
-0.493720284  
-0.524306991  
-0.4741340434  
0.6052624938  
1.889415677  
-1.055319528  
-0.2736988497  
1.680013618  
1.271442536  
-2.301802026  
-0.8401875832  
-0.399579904  
0.1061022432  
1.024064786  
0.1515581239  
0.6274130682  
-1.441404674  
0.2247211773  
0.178893897  
0.5792648989  
-2.617677289  
-1.32279469  
-0.1184800416  
1.553181978  
0.4677328634  
-1.200731654  
0.5795125179  
0.6725496513  
-1.153806178  
-1.209153623  
0.6969548192  
-0.160118481  
-1.881463476  
0.02345139458  
-1.047378262  
0.3747937626  
3.022710221  
3.472689892  
2.784304347  
-2.566119068  
-1.268877279  
1.112719698  
0.7475163403  
-0.005775779223  
-1.969941419  
-2.112041448  
-1.672464431  
-0.9382966206  
-1.542485125  
0.7454383926  
1.386521515  
2.741597796  
1.029642761  
1.927099037  
2.75071858  
3.008788046  
1.093508318  
-1.475308761  
-2.358632083  
-0.8945076633  
0.9481585656  
0.0716308299  
-1.194096107  
-0.9102086029  
-1.309169912  
-1.861245686  
0.6859258752  
-1.290781984  
-1.454072696  
0.1289754463  
-0.9851527703  
0.803413579  
0.1447676347  
0.7120501257  
-0.02308527443  
-0.2393876657  
2.003828956  
2.008268508  
0.1585964983  
-0.4771631081  
-0.4750044712  
-0.7103861587  
-3.687077389  
-0.5854241211  
1.044124269  
0.5558370323  
-0.2049291605  
0.6658365102  
-1.409024519  
0.0990404097  
1.805752373  
-1.327084836  
0.5032374919  
0.6614405277  
0.0523498573  
1.398410179  
0.5029390028  
0.8075942976  
1.273642008  
1.577888144  
-0.3290438999  
-3.026969766  
-0.398459909  
1.794613312  
-2.357271046  
-0.5872577047  
-0.3263390663  
0.4643890973  
-1.402656561  
0.9197548123  
2.159342375  
0.8136051277  
-0.492872041  
-0.8332228346  
0.3687153637  
1.413137341  
-0.06995774774  
0.4219895005  
-0.6240428545  
-0.4306742377  
-0.1809120732  
-2.40518473  
-2.6680181  
0.36336781  
0.1328200814  
-0.3997981542  
-1.38073389  
-0.2887230739  
0.9784553399  
-0.08617506271  
-1.525081707  
1.219754404  
3.039199204  
2.580476393  
2.864262099  
0.4188100901  
0.9440788925  
0.7088541663  
-2.106256089  
0.3578205114  
-0.2482653516  
-2.195801435  
-1.764178388  
-0.7820751353  
-0.282103968  
-0.8040963502  
1.00128588  
-1.451285929  
-1.227936401  
1.440068572  
-1.511129991  
0.09335535076  
0.3315433908  
-1.064665601  
-0.9266798783  
0.6915152174  
-0.213530463  
-0.09486494322  
0.0748774427  
-0.9446781288  
0.6361878697  
-0.6547739404  
1.56611004  
0.7066404136  
1.563777126  
0.9434011988  
2.044020983  
-0.902449413  
1.073509316  
-0.3606867024  
-0.3163582978  
0.3901685714  
-1.535289061  
-0.1095057816  
-0.3471824688  
-0.3305360473  
-0.8083922525  
1.70093553  
1.304574742  
-0.05606978569  
1.166548707  
0.05564816757  
-1.240060253  
-0.8565119425  
-1.98080379  
-1.311080169  
0.3352152352  
-1.885204283  
0.05762160872  
0.00695985073  
0.01929384492  
-2.473963972  
-1.368033967  
-0.1919139407  
3.230563115  
1.666560686  
-0.5288402207  
-0.08842547327  
0.4966395011  
1.274816985  
0.1491563492  
0.8026193119  
0.4121436666  
0.04858560298  
0.1386170373  
1.086887401  
0.1731800956  
0.3570044907  
0.4323398815  
0.9576678539  
-0.1435547552  
-0.4288303217  
-0.2379560897  
-0.744420118  
1.136887248  
0.1943577025  
0.4348934986  
1.814614013  
1.037575972  
0.5110907404  
-0.05058700921  
1.166935291  
0.5444279709  
0.3683419798  
-0.771919474  
0.3357636412  
-0.2408499894  
0.3700674826  
0.1421092576  
-1.228400642  
-0.6297447897  
0.1382770436  
-3.240685987  
-1.823024588  
-0.69398842  
-2.524924009  
-1.147412177  
-0.7745448947  
-0.6751254248  
-1.316637915  
0.2440188967  
0.6645715429  
1.099462538  
0.2101155247  
1.928602043  
-2.280247666  
-0.4138149368  
-0.5107107377  
1.658710905  
1.365353379  
-0.5396621985  
0.3235571765  
0.3144141627  
0.8004727822  
-0.5327388115  
0.1633031558  
-0.4147774706  
-0.655920216  
0.7980953232  
0.7265345813  
-1.210634983  
-0.2379036573  
-2.5694897  
-0.3769588986  
0.1982924374  
0.7458162803  
2.461505411  
0.2448756451  
2.933085714  
0.9460905508  
1.572350487  
1.138654822  
1.763561982  
1.821564911  
-1.268010902  
-0.5293681821  
0.2350111217  
-1.070615858  
-0.03362567508  
1.597978955  
-0.2263807846  
-2.11806459  
-1.0677045  
1.654868997  
-1.331251922  
-1.905669978  
-0.1056816282  
0.004197591301  
-1.487192685  
0.4366150536  
0.4083350942  
-1.173325973  
-0.6551241745  
-0.8814637256  
1.032726823  
-0.5233764839  
-0.2551067873  
2.590594148  
1.754573074  
-0.6878296329  
0.2857688167  
-2.507192851  
-0.7471565336  
-0.5552088491  
0.8086708589  
0.7477371621  
-0.1334381068  
2.32861449  
-0.8823322607  
0.002527745008  
-0.4550499551  
-0.01498099889  
-2.710886542  
-2.1427311  
-0.9751171368  
-0.3414366055  
-1.00203915  
-1.873794982  
-0.8190870012  
1.431616216  
0.6703850533  
-0.4533619493  
1.047850625  
-1.640860797  
0.1732560426  
-0.3893524656  
-0.1764182933  
1.021824054  
-0.1191438496  
1.732155687  
-0.5153609886  
0.3496543803  
0.7657547189  
0.9377462584  
0.1775191442  
0.6581181233  
-0.9347084214  
-0.2137497277  
0.4972017055  
-1.507003456  
1.321231349  
-0.1143848804  
0.03829679572  
-0.1554799895  
-0.0147888002  
0.02473371485  
-0.02920158327  
1.656486572  
-1.3463323  
0.7670818386  
-0.3181372263  
0.06803057984  
0.1566934279  
0.6485473375  
0.3659156342  
3.05433207  
1.104941044  
-0.7792555429  
-0.3204062573  
-0.5312304941  
0.03267522721  
0.9408574173  
1.896610847  
-0.06589174533  
-1.004210223  
-2.132145374  
0.01332061641  
1.74723991  
0.51746993  
-1.486266466  
0.356747794  
-0.8594867011  
0.02231024552  
-0.4098961699  
-0.126241983  
0.1339786096  
0.01699181846  
0.7316398417  
-0.4073435232  
-1.544837407  
-0.2470925806  
0.7432676312  
0.01836428205  
0.08836207362  
-0.6506228142  
2.414800264  
1.122253223  
0.02400792254  
1.024246899  
-0.1716407928  
-1.675287054  
0.4406442941  
-1.855544941  
-1.497737108  
1.393651041  
-1.50782419  
-0.263814289  
-0.9473802524  
-0.005614756336  
-0.1773599284  
0.5721482938  
-0.3596880819  
-0.4405584756  
0.3983603371  
-0.4410784978  
0.870964887  
-0.9153288744  
-0.1142186156  
-1.307724395  
-0.7956962007  
1.383792286  
1.577266291  
-0.4504767689  
0.5227952697  
-1.842456878  
1.523506479  
1.043392995  
-0.5273959104  
-1.163620313  
0.9667759079  
-2.108952662  
0.8241905287  
0.8139611965  
-0.1294176848  
-1.600421296  
1.578804551  
0.07197001302  
0.7927273072  
0.3731347896  
-0.8875386325  
0.305495606  
-1.096166814  
0.1385909322  
0.2699939909  
0.7128321264  
-1.251971377  
0.3980174737  
-0.4061459274  
1.66714736  
0.7254406146  
-1.176972753  
1.964058808  
0.09787828615  
0.1185307343  
-0.2074130359  
1.568399122  
-0.8933243549  
0.493843893  
-0.3470256798  
-0.110417286  
1.27258726  
0.182090156  
-0.4918910733  
-1.111788327  
0.08633403732  
0.106835691  
-1.186064762  
-0.9301541665  
0.1856952228  
-1.218068651  
0.6512869706  
1.42306883  
0.2142510466  
1.887850714  
0.6669650102  
-0.7335694411  
-1.243066112  
-0.06679638738  
-1.705540744  
-0.2544895406  
0.9159175642  
