-0.8253138716  
-2.138982535  
-0.8870401848  
-0.6332302325  
-0.155525776  
-0.04459199345  
1.224875947  
1.474450724  
0.5593127138  
0.8369249071  
1.931723053  
0.8518565497  
0.07535195463  
0.6853352051  
0.5599621343  
0.5949916594  
-0.4871581115  
-1.862923019  
-1.162503376  
-0.2866840863  
-0.4490991395  
0.6372055171  
1.526344249  
0.154788045  
-2.715337985  
-1.050185347  
-0.194891204  
0.6739378879  
0.100109557  
0.3729189543  
1.515690119  
0.3630189416  
1.90386893  
2.32816502  
2.548712995  
1.363871058  
0.7859358973  
0.7884000068  
-1.122906149  
-2.878557329  
-1.000031242  
0.9136569146  
0.376741343  
0.1646930168  
-0.180810488  
1.017562193  
0.01081594324  
-1.625643726  
-1.154045176  
-0.3162600817  
-0.3002754811  
0.4423624234  
1.260882392  
0.218111354  
0.5100376355  
1.183429006  
0.2139374874  
-0.1930239619  
-0.6459047307  
-1.366840075  
-1.591019131  
-1.174208344  
-1.21816015  
0.3673387598  
0.8651224687  
-0.3816335721  
-0.7712209322  
-0.4199509924  
-0.148587507  
-0.4422617703  
0.7751026293  
-0.1760944067  
0.4065808909  
-0.01606825182  
-0.7118798273  
-1.197240602  
-0.8363469919  
-2.398936766  
-0.5388349598  
-0.01189411265  
-1.132711658  
-0.9923171283  
-1.531880012  
0.3528406523  
1.360387964  
0.6445393776  
-0.004527763739  
1.451304933  
1.506598768  
0.5666829989  
-0.5137143959  
-0.333922013  
-0.1104576731  
-1.734168698  
-0.3015106306  
-0.6963415104  
0.2350165066  
-0.00832214682  
1.598704135  
1.805300068  
1.439208774  
2.055870332  
-0.5077490869  
-0.8171656726  
-1.488958189  
-0.8279376765  
-0.5232865694  
-0.01389479139  
0.7785541519  
0.05974847829  
-1.622897658  
-0.9677784059  
-1.509676772  
-0.708672891  
0.8279343633  
-0.5983856865  
-2.746468926  
-0.815408774  
1.185449305  
-0.3065423147  
1.641128889  
3.591343397  
2.461897158  
1.520753868  
1.821583241  
0.3716495125  
-1.136566169  
-0.8410432715  
1.968631978  
1.201989785  
0.2704370745  
0.08672858416  
-0.6600413725  
0.1896038133  
-0.6900737521  
2.163136737  
0.9098105332  
0.3437446023  
0.680802237  
2.771304369  
1.912575565  
0.9561694512  
1.945336189  
2.669867556  
1.127988947  
1.281238928  
0.3117796009  
-0.3667080518  
0.5165478198  
1.636740284  
0.3220445321  
-1.054144944  
1.220238681  
-2.867198507  
-1.215466838  
-1.753542803  
-3.393852285  
-4.212715591  
-1.809017075  
-2.290235693  
-3.123330385  
-2.588809335  
-2.877634803  
-1.727585493  
1.437068753  
0.6676252732  
-0.5976986611  
-1.871419257  
1.315844222  
0.4701855606  
-0.8039169009  
0.05772894858  
-1.296318321  
-3.356775053  
-3.04607316  
-2.720932841  
-2.074653479  
-1.041732483  
1.922981292  
1.843528181  
0.5132417081  
0.8184813542  
0.8648046243  
-0.1466956617  
2.89671004  
2.758171891  
4.147916425  
2.301367993  
2.036502186  
2.395907283  
2.143201216  
1.746358138  
1.450487227  
-0.2377060098  
-0.1673393169  
-2.98352417  
-3.381154131  
-1.30136417  
-0.5304310241  
-0.5402872039  
-0.8009989894  
-0.08630817982  
-2.240486225  
-0.731629646  
-1.086339063  
-0.04262320816  
2.05848245  
0.6731314533  
0.625953824  
-1.127160461  
-0.1852667983  
0.07669983961  
1.084830315  
1.542319395  
2.154744076  
-0.9243501374  
-1.204443144  
-2.975633735  
-3.06926253  
-1.724071062  
-2.171384016  
-0.6995321547  
0.004367199348  
1.091660582  
-0.8725981915  
-0.06862173555  
-0.4805173272  
0.6574578749  
-0.5065942969  
-0.4355302322  
-0.4797750201  
-2.361221336  
-2.209801268  
-0.6128173785  
-0.4024711339  
0.1256833224  
2.031307217  
0.03632204532  
-1.642102958  
-0.9751633132  
0.6850902728  
2.605089438  
1.048903774  
2.220013323  
2.290132059  
2.65891171  
2.226107473  
2.605668499  
2.434452062  
0.7620780977  
0.8197212438  
-0.3607527463  
-0.6508032604  
-0.7758842387  
1.750253639  
0.1775765926  
-0.03968119786  
-0.6031284389  
-0.5051135345  
-1.842477274  
-1.86193796  
-1.514375518  
0.177936847  
-0.3046805263  
-2.695535033  
-0.9055745321  
-1.841265237  
-1.414748311  
-1.174467707  
1.147275125  
0.9119921007  
3.915183716  
3.305839498  
2.310677946  
-0.3004210097  
-0.354491954  
-0.2636932474  
-0.9817910124  
-1.308833553  
0.6349712728  
0.4900103539  
0.4444789618  
0.5013226819  
1.238458273  
0.9212361214  
-0.3013767533  
-0.189545146  
1.914013429  
1.184202583  
-0.8157821958  
-1.446597135  
-1.082546479  
-0.8298273566  
0.1343835981  
-0.09956944848  
-0.8017336282  
-0.603686907  
-0.4564305108  
-0.1540655448  
-0.9005664379  
-1.522884795  
0.5050262977  
0.2192594374  
-0.7242814741  
-1.379033066  
-1.283958942  
0.8846342082  
1.455836529  
0.5173429174  
-0.4447389565  
0.5191424966  
0.6112692293  
-0.622288901  
1.020884307  
3.026445451  
1.512192721  
1.238149849  
1.571065457  
0.9773880673  
-0.3701423415  
0.2367960398  
-0.5071040537  
-0.6648251895  
0.8723188052  
-0.6527601104  
-0.2769579081  
1.010089612  
1.172002021  
0.2835800113  
-0.5916074524  
-0.1650181534  
-0.3603819446  
-0.1068238448  
-1.364867312  
-0.4712336162  
-0.9426400127  
-2.261663335  
-0.2337038528  
0.3043672798  
-0.6375612592  
0.4952647156  
0.8845807876  
1.334555804  
0.03261213332  
-0.01218691455  
0.1149724516  
-0.3614888464  
-0.8571872351  
-0.8526152477  
-0.2783429517  
-0.7061413649  
-0.6413869769  
-0.746954966  
0.7612671761  
-1.473594901  
-0.2650551181  
1.521726069  
0.3009024787  
-0.104745919  
-2.549076278  
-1.93537852  
-2.975364118  
-3.884459255  
-0.9856305544  
0.3397642572  
-1.484535648  
-1.078555747  
-1.179113913  
-0.3828605603  
0.1574906279  
1.106775021  
1.487520473  
2.235164359  
2.23054761  
1.626319454  
1.134393872  
0.6192783538  
1.179813136  
2.442968964  
-0.04807603307  
0.8410702632  
3.438726533  
1.475120985  
0.5078062323  
0.3241291687  
1.381272501  
0.5529015137  
-0.5935110496  
-0.01081671146  
-1.380640445  
-1.794994057  
-2.061291854  
0.03179876175  
0.6453224685  
-0.03603663295  
0.123695219  
-0.8842134138  
-0.6836179739  
-0.3934905454  
1.383720721  
-0.5735798883  
0.0638043718  
-0.2959088259  
-0.6535566836  
-1.656568402  
-1.520937914  
-1.112323521  
0.3344357639  
0.07549611379  
-0.9188893831  
0.320027313  
0.3732302945  
0.6171537765  
0.3584422583  
2.022075472  
2.101289465  
0.7112297696  
0.7712302311  
-0.4841297221  
-0.7211149992  
1.345458942  
-0.3381159695  
-1.039616592  
0.7381198885  
-0.4090033391  
-0.9366515217  
-1.084154976  
0.5342767293  
-0.4239926428  
-1.025144025  
-1.260935281  
-0.4821941902  
-1.195854893  
-3.076548275  
-2.065582157  
0.7667377515  
1.184701377  
-1.036981826  
0.9342561342  
0.270411911  
-0.8559716822  
-1.375171284  
0.3736933991  
1.065237396  
0.670010115  
2.382060743  
0.7048358129  
1.754643345  
1.190056214  
0.8816038286  
0.6661948582  
1.362337878  
0.6288372634  
-0.1473447439  
-0.4988611942  
1.366190705  
2.147255627  
-0.6741676466  
0.8020125695  
-0.2805157574  
-0.5879202872  
-2.790896393  
0.3103106579  
1.268747828  
0.8930905021  
0.2017207025  
0.07945195324  
0.1834916359  
-1.825636988  
-0.1889950777  
1.358919219  
1.672008432  
-0.06559233717  
-1.179777912  
-0.7935448679  
-0.2063238518  
-0.09841712622  
0.8605689663  
0.3463477788  
-1.082155309  
-2.568262894  
-1.189243803  
-1.098995154  
-0.965399096  
1.766342426  
0.5130073707  
0.07504111979  
0.0009548241235  
-0.06989349783  
-0.5353074582  
0.8741370198  
0.6994002188  
0.4668615093  
0.09432908674  
-0.7919056952  
-3.13909295  
-1.514705932  
-1.493223671  
-0.7201705482  
3.09682652  
1.299611387  
1.592000916  
0.3096719319  
0.6793796676  
-0.9885826622  
-0.4750930813  
-1.517412389  
0.6882125466  
-0.8526719512  
-0.850405727  
-0.1349508892  
-0.701044398  
0.275554994  
0.9139385452  
1.900665958  
2.012183887  
1.090141549  
-1.887948237  
-2.782827668  
1.295736652  
1.656437082  
1.87052573  
0.04805184357  
0.2913966232  
-0.5125235581  
-0.1389556905  
-0.8637089238  
0.8827578822  
0.2060606787  
0.2869677521  
0.01298488711  
-0.2215974183  
-1.846291464  
-1.575121568  
-0.6049764269  
0.426275853  
1.529903397  
1.556946988  
-0.6357573046  
-0.3567318924  
-0.05105157167  
1.51776944  
-0.7556972177  
-0.2832260232  
0.8788481726  
-0.3229336657  
1.486526145  
-1.329780221  
-0.8932735461  
-1.42817867  
-1.53344757  
-1.87604652  
-0.3402562444  
-0.9477518291  
-1.074798918  
-0.6074459158  
-1.068901376  
2.635329514  
1.825599159  
-0.1817227165  
-0.257958797  
1.682299107  
0.477026875  
1.059308842  
0.244284616  
-0.2854432029  
1.415422994  
1.317018085  
1.44041716  
2.017463046  
1.729768178  
0.4656058831  
-0.2134936203  
0.9902866525  
0.3541932086  
-0.2929404056  
-1.22988111  
1.033407104  
-1.186693331  
-0.3351556733  
-2.131106799  
-2.245185939  
-2.577053539  
0.2993234894  
1.829615465  
0.3827112313  
-0.8730621917  
0.4268158185  
0.7169734889  
-0.5189090139  
