0.6058876485  
-0.7882855451  
1.353698227  
-0.518482354  
1.984208782  
-0.9068046743  
0.9176794306  
-2.807133606  
-2.123913241  
-3.207164515  
-1.051118668  
1.633062305  
0.05067019083  
2.085948661  
-0.09880188588  
1.603158564  
-2.313065854  
-2.218571239  
-1.203518477  
0.3372099516  
4.853741194  
1.415666571  
1.174259604  
-0.9212235735  
-1.984948663  
-1.989641833  
-0.08388984299  
4.536794662  
1.667340383  
2.241899262  
0.5112456483  
1.166643638  
0.1416299325  
-0.4287711956  
-1.835019332  
-0.1011564837  
2.894623264  
0.6309398866  
1.529227494  
-0.3973843257  
0.5765305705  
0.6018395643  
0.7308299337  
-1.860981213  
-3.057626801  
-2.782833403  
-1.703837533  
2.622934591  
1.219713455  
1.363593902  
-1.930766753  
0.8011266875  
-1.431705808  
-0.6004023695  
2.700556498  
1.260976588  
2.396373853  
-0.1406826604  
-1.031122983  
-3.029581167  
-0.8668603172  
2.556519587  
0.2401637442  
3.128533709  
-0.1464351631  
0.9268621377  
-2.148238017  
-0.3534864906  
-0.8967366524  
2.10446946  
-0.4349859083  
2.100756631  
-1.056971061  
-1.705787593  
-3.225870046  
-1.020634002  
0.6943918041  
-0.6102127928  
2.588769482  
-0.5351550155  
0.3652843587  
-2.49156688  
0.6134096659  
-1.3301244  
-0.8790851698  
-1.159784813  
-1.010440776  
-1.214989218  
-1.352662138  
1.719819867  
0.2858791666  
3.475404802  
-0.1805900219  
1.475971477  
-0.3292867795  
0.6535063603  
-1.381685381  
-0.8550934344  
-2.779937497  
-1.425751428  
1.795375345  
0.08800141001  
2.283412273  
-1.808490957  
2.469495475  
-0.5043559217  
2.62738507  
0.4719565076  
2.432099544  
-0.745989044  
0.6817756468  
-2.023767196  
-1.676530409  
-3.444683472  
-0.9060720837  
2.211916379  
-3.696715631  
1.975465125  
-0.3799180534  
3.267136307  
0.9941136375  
2.423176969  
-2.647319088  
1.480741976  
-0.5229265251  
1.370358542  
-0.9067895236  
-0.1512787337  
-1.22465461  
-1.304024841  
-1.612813316  
-0.478991559  
3.632775663  
1.230856574  
1.259433046  
0.007863146698  
2.672164218  
-0.8664251884  
-1.086728979  
-1.871184473  
-0.528047703  
-3.168521303  
-0.1394149796  
-1.142640599  
-0.1740539234  
2.468702405  
-0.1250826204  
4.032197347  
1.622747976  
5.576264777  
-0.1353487304  
-0.6155462879  
-4.006782225  
3.232586572  
0.4243802435  
1.978732959  
-2.386708092  
-0.995613809  
-3.101563803  
-3.298396315  
-2.481411055  
-0.4247369557  
2.256309294  
0.196899743  
4.537170629  
-0.6215584576  
2.829538219  
-1.68141039  
-3.691539429  
-1.281446908  
1.864125743  
-1.406531122  
1.088722853  
-3.053714271  
-4.777051109  
-4.132342358  
-2.073748602  
2.745190227  
-1.474960305  
2.446831123  
-1.097438526  
-0.1579194403  
-2.20395997  
-1.301941821  
-1.90357784  
0.3706301838  
0.0891890744  
0.1127242317  
3.236641736  
-0.6488052881  
4.04619274  
-2.157201694  
2.892024119  
0.1255275643  
4.187215373  
-0.4591831511  
2.287469306  
-1.437053608  
-0.3204153855  
-2.025616281  
-1.117526124  
-2.695110806  
-2.515013001  
-2.132612113  
-0.804306902  
4.846769747  
1.169846189  
3.080333392  
-0.07894343567  
2.910569759  
0.04767579625  
2.171328532  
-1.425972154  
-0.994927716  
-0.1352310725  
-1.222555772  
-1.834649062  
-2.137513989  
2.067785321  
-2.013418523  
1.964218643  
-1.315993319  
0.4396648244  
-1.37691762  
-0.9021607927  
-2.302713451  
-2.040200195  
-1.601721443  
-0.7858545492  
0.5711310445  
-3.130228073  
1.664320501  
-1.24683212  
1.881325999  
-0.6777486346  
-0.2716872806  
-1.784484911  
-0.7190678351  
1.07757074  
0.3738976576  
4.068028565  
1.093409194  
3.155893594  
-0.2719421768  
1.041088448  
-2.197130959  
-0.792028157  
2.365035771  
0.0003018033973  
4.521926867  
0.401078155  
2.722366871  
-0.133793956  
1.093950546  
-1.057104234  
3.378520663  
-0.4410235765  
-2.059811208  
-3.504747908  
-2.030403035  
-0.2429319199  
-2.124664054  
0.9580199552  
-0.5398207192  
2.285778927  
-1.758313118  
1.73709785  
-0.7491633562  
3.114922178  
1.537448827  
2.199769217  
-1.278374034  
-0.5915051976  
-1.005264655  
-1.407273041  
-0.7372912215  
-0.9202071115  
2.996804734  
-2.579069865  
1.052111306  
-2.407889311  
0.2466450923  
-1.021895202  
2.797314715  
0.7876208956  
-1.136530369  
-2.283496239  
-0.3729381552  
3.094156691  
-1.898117286  
1.449443149  
-1.510577397  
2.084541122  
-1.311821247  
1.047286788  
-3.215850714  
-0.3317220745  
-1.804734535  
-0.4268863161  
3.235582861  
0.7731517819  
3.958066403  
0.2582109447  
2.119753752  
-0.8034134934  
0.7584146143  
0.02122270044  
2.494618268  
-1.145769375  
-2.021729221  
-2.583699415  
-1.119024477  
-2.634144968  
-0.7644224613  
-1.400829124  
0.100354831  
1.901006871  
-1.051582167  
2.426138993  
-1.366165721  
3.250878401  
-0.1835384705  
2.449531799  
0.5814673755  
1.620540735  
-1.400427518  
-2.263127473  
-2.015120195  
-0.9540946448  
-0.416335422  
0.08135083262  
2.192680936  
-1.822970197  
2.056939213  
0.7230828988  
1.888921785  
-2.654143905  
-2.025518595  
-2.719041562  
-0.06255194472  
0.07438409409  
-0.06360630551  
3.300808519  
0.6541488833  
2.57218735  
-1.068390677  
2.039764712  
-0.8180098785  
-1.14729034  
-1.652068267  
-1.722053747  
-2.523656801  
-0.7206878075  
3.038810336  
-0.5280156883  
2.939417985  
-0.6215722586  
3.412675677  
-2.047274365  
1.952163889  
-0.773737304  
1.84146802  
-1.007296671  
-1.798585994  
-1.649316613  
-1.050652384  
-2.219368476  
-1.755325783  
-2.024189635  
0.06196260453  
3.104434223  
0.4016290538  
2.157895778  
-2.460400929  
3.115377652  
0.563501128  
3.255076628  
-0.6563217664  
2.482829926  
0.1967915176  
-1.099047313  
-1.226996287  
-1.532328907  
-3.228938091  
0.558287213  
4.557764355  
0.2369950537  
2.038349074  
-0.2843364675  
1.162247318  
-1.585656577  
-2.001114274  
-3.41056808  
-2.048759283  
0.6250956193  
-1.609673903  
2.126516151  
-0.6182520095  
2.543799044  
-3.121216128  
2.511155548  
-0.8553328134  
0.06240094519  
-0.8928398904  
-0.6943544622  
-2.828464603  
-2.15860455  
-2.740249152  
-1.102807845  
1.65149801  
-0.07376543262  
3.78897869  
-1.301165511  
2.408206389  
-0.8168792063  
2.832480938  
0.001099200896  
0.6929506583  
-0.6719028611  
-0.3834335156  
-0.689179883  
-1.149102779  
2.851593109  
-0.3626439187  
3.320108116  
-0.3748593588  
1.342120474  
0.3098701715  
1.202377673  
-2.045747043  
-0.591768548  
3.008996811  
-0.6728265147  
3.557268411  
-1.238280404  
2.813733889  
-1.652964305  
1.68533735  
-1.184333195  
1.645891488  
-1.702161334  
-1.519958806  
-3.338256073  
-1.017256318  
3.684371818  
-0.6663895839  
2.995276738  
-1.514163303  
1.267299765  
-0.8284716989  
2.512005506  
-0.0866552234  
1.972634478  
-1.620455412  
-1.422012433  
-2.033616416  
-0.5608606311  
2.789847371  
0.2362712845  
2.686271448  
-0.7732696489  
-2.24265771  
-3.055070266  
-0.3059300542  
-3.428041484  
-0.08887865577  
3.030050734  
-1.693079291  
3.392679264  
-0.4745405519  
3.249208314  
0.7293475609  
0.003944225165  
-3.553410185  
-2.191429089  
-2.323619166  
-2.350475837  
-0.8044469164  
0.08048733507  
-1.073708402  
-1.983788818  
3.745698343  
-1.194418563  
3.351783413  
-2.072892591  
2.77196767  
0.1199062618  
0.1400555367  
-1.685604318  
1.823838636  
-0.1411781859  
-0.8016802607  
-2.301240583  
-0.5585909251  
0.8922704178  
-2.811191529  
3.114039039  
-0.9059078684  
3.929476081  
0.4219934078  
0.2728137253  
-2.775337771  
-0.626837394  
-2.024197844  
-2.012405823  
-2.44092984  
-0.3920786134  
3.262946496  
-0.5165854306  
3.686623324  
-1.674875103  
3.316054662  
0.6904070086  
2.977206959  
0.4129375464  
-1.429890086  
-4.416883971  
-1.914345656  
4.104235957  
-1.274518249  
3.509630269  
-0.8958748166  
3.862375357  
-0.1520863293  
2.774277409  
-1.2454352  
2.97478944  
-2.581407707  
2.543831255  
-0.742638053  
-0.1778088053  
-1.838000164  
0.1502211289  
-2.32915586  
2.33102821  
-2.818252839  
0.6527102165  
-0.3898534093  
-2.991096865  
-4.266660667  
-1.60043289  
-2.465887516  
-0.3833880951  
4.361887547  
0.4394021181  
2.054178145  
-2.479649403  
3.334302293  
0.5640822929  
5.050223809  
-1.102790027  
0.08224547116  
-1.772147271  
-1.281132924  
-0.9886214328  
-1.332325576  
4.635003797  
-0.6184441478  
1.241478206  
-2.514348766  
1.911078014  
-1.601201454  
-2.991162501  
-1.801819508  
-0.8853373031  
2.30652608  
-0.8991131518  
2.022714478  
-1.867378754  
-1.692423074  
-2.457813528  
-2.066382536  
2.333638982  
-1.136174936  
3.800150544  
-1.0997476  
3.523979503  
0.5033846278  
3.938863648  
-1.554334547  
1.51774631  
-0.6275239856  
-2.919425006  
-4.627052714  
-0.2488452297  
2.31004564  
-1.91938657  
3.491494798  
-2.022413783  
2.274622063  
