0.1404053889  
-1.413046377  
-2.213101252  
0.5848672782  
-0.4661610538  
-0.8920847798  
-1.146589886  
-0.6784809534  
-6.175515008e-06  
1.24943802  
1.326196904  
-0.4942247542  
2.013055711  
0.9867730519  
0.2597750853  
-0.6025282195  
0.1867400083  
0.1580282443  
0.1184001953  
-1.676117958  
-1.29702473  
-0.2366564526  
-0.524846947  
-0.1578593994  
0.7909929956  
2.368214  
1.5083729  
1.93728517  
3.558780059  
0.5880458722  
0.5160901004  
-0.3051816006  
1.179718632  
0.5183052736  
1.933099628  
1.292783882  
0.1424619226  
-1.100280492  
-3.126010887  
-1.861756444  
-0.7067260857  
-1.108390816  
-1.795219802  
-0.67471407  
0.9919836886  
2.335486328  
0.7871523736  
-0.8454603701  
1.443588689  
-0.3749638597  
-0.2630877522  
-0.1036840339  
-0.05401336799  
0.8649658579  
2.351874817  
1.512013553  
-1.557065368  
-1.46398889  
-2.75187399  
-1.92748251  
-0.4724770017  
0.9767727247  
-0.01124834839  
1.342953422  
2.015865627  
-2.018174694  
-2.344324326  
-2.239177971  
-0.1885794387  
-1.25246843  
-0.5450986647  
-0.5107856427  
1.383714147  
0.5799509558  
-1.466153103  
-1.692427781  
0.4746194604  
-0.3214457936  
-0.5889580929  
0.358547896  
-0.6713215432  
-0.2355338936  
-0.7509268974  
-0.5138032818  
-0.3709109288  
0.04890614469  
0.2867737006  
1.476603615  
2.231774247  
0.4548007382  
0.7723010097  
0.5244513964  
1.522052007  
-0.4604367352  
0.2159707794  
-1.424019015  
-1.248503924  
0.6371043429  
1.334248812  
0.4499678777  
3.750498827  
2.875130003  
-0.003886937029  
0.4014783716  
-0.3919783279  
0.1267870191  
1.524221506  
0.08967932194  
-2.495398453  
-0.6608729825  
-1.020885241  
-1.522203706  
-0.2330410072  
-0.01500159538  
-0.7965234192  
-1.64698738  
-1.379942791  
-2.240151118  
-1.598041256  
-1.117875085  
0.03850155037  
-0.4807284191  
0.3794974535  
-0.8505111821  
0.9630484242  
-0.3544205322  
-0.6893852754  
0.4945555931  
0.5986295766  
0.05571496494  
1.989057565  
0.6687318657  
0.6615960983  
-0.5255430755  
-2.458014221  
-1.482609  
-3.693189547  
-1.983101154  
-0.3757418549  
0.5598124581  
-0.08747773888  
2.061921008  
1.854798519  
1.7946907  
1.386837054  
3.339620311  
1.212306807  
0.6463544546  
1.15644695  
1.548222965  
2.483015095  
1.766691243  
1.669392704  
-1.375476456  
-3.046745966  
-4.513055379  
-3.19144125  
-2.468647275  
-2.467548642  
-1.32235793  
-0.3798034082  
0.4796953828  
1.67885862  
0.3049018102  
0.3522548912  
1.172874957  
-1.560711773  
-0.769674967  
4.046047766  
-3.853636483  
-2.606829976  
-2.040177856  
-3.263243169  
-1.526253508  
0.7917401451  
1.736047056  
2.597909709  
-0.09627732776  
0.9510163989  
1.058431085  
0.5169808659  
-0.2614089343  
0.1252962543  
0.0317964307  
1.172759296  
1.203237806  
2.438563203  
0.2463210676  
0.8761219162  
0.2395390175  
-2.01812452  
0.9901956534  
-0.4557145215  
0.201428635  
0.06980288246  
0.7215042252  
-1.876802225  
-0.8608832921  
-1.970309985  
-0.1160058795  
2.103818794  
2.970292714  
1.056358559  
1.845719118  
1.976258617  
1.943785215  
2.142725891  
0.119452324  
-0.08598190754  
-0.941668941  
-0.8554969212  
-1.893274628  
-2.849698381  
-1.579441001  
4.762896887  
-0.4706770729  
-1.004837353  
-1.918095532  
-0.7834568693  
-0.338577667  
-1.664304244  
-1.295868272  
-0.1482482228  
-0.3721831944  
-0.5224301794  
2.136784114  
2.574497551  
-0.01222009235  
-0.4813266271  
0.2130453143  
-0.7234310979  
-1.999676276  
-0.452814484  
-0.8771475115  
0.2419077388  
-1.085268042  
-1.536901919  
0.3306511001  
2.233213395  
0.7686538042  
-2.125005022  
-0.9711264548  
0.2813787493  
-0.05764199174  
-0.7229152402  
0.05293554384  
1.966607435  
3.805436577  
1.245256101  
0.02301091931  
-0.002158076518  
-2.342567859  
-2.045606061  
-1.105541714  
-0.798000116  
-1.52751394  
0.2090407369  
1.038506052  
-0.3984564975  
-0.1450598998  
0.2478741868  
-0.05163118479  
2.159544227  
1.466075571  
0.08243476451  
1.362473978  
-0.7739699714  
-0.5960595997  
0.2741158344  
1.739977228  
0.913643935  
2.421051598  
2.786192064  
1.856734288  
2.416900714  
3.796100023  
1.971090876  
1.509450529  
2.086785908  
-1.346942511  
-1.513918628  
-2.464684951  
-1.258575514  
-3.503335221  
-1.677212224  
-2.582732541  
-1.379256959  
1.288495455  
1.051146991  
0.5827676043  
-1.693021459  
-0.5023577637  
-0.8313050063  
0.9579260753  
-0.246183464  
-0.5494458582  
0.5114305017  
0.07091359956  
-0.7797658941  
1.659688034  
0.3328833796  
-0.7480455049  
0.2069451374  
-1.566982355  
-1.308019125  
-0.9912447877  
-0.3750271351  
-0.1874239346  
0.004948681252  
1.875640577  
1.713958923  
-0.7793750751  
-0.4570484478  
0.9049292839  
0.2476567905  
0.1720451307  
2.781974508  
0.684553497  
0.08323364036  
1.566871021  
0.464297061  
0.02473436099  
-0.9698704435  
0.6350945497  
-0.94152584  
-2.405653559  
-0.5931123726  
-0.8352715848  
-1.553662446  
1.074790457  
-0.2789935167  
0.8908524801  
2.01481034  
0.2836773567  
0.2827878198  
-2.167893614  
-1.796151108  
0.1178755008  
-0.575104794  
-1.023888565  
3.578052433  
1.223315828  
-0.7437797552  
-0.1546509408  
-1.805862202  
-0.9276698536  
-3.571963334  
-2.00004751  
-1.730926157  
-1.39675133  
0.3205426662  
1.931375096  
0.4399368923  
1.575487249  
1.550425186  
1.434317475  
2.780815669  
0.38256808  
0.6152413534  
-2.141670145  
-1.739826066  
-2.568921418  
-2.209488056  
-0.4209676542  
-0.4289108035  
-0.7883341018  
2.31600615  
3.056192051  
0.7045997044  
0.332278332  
4.196915765  
2.939969066  
-2.411042304  
1.556497871  
0.5415098113  
-0.6698453654  
-2.960244206  
0.2931482459  
-0.6233332276  
-0.9227054358  
-0.2369022243  
0.1572237206  
-0.4832179726  
0.3823838108  
2.359798568  
-1.361986055  
0.5011860297  
-1.642522531  
-1.453846427  
-4.185305177  
-2.63368319  
0.5193417293  
-1.574442961  
-2.718795649  
0.3947263571  
0.8657110181  
-2.035332343  
0.5840856005  
-0.05951900678  
2.309804661  
-0.1067733305  
0.2058548332  
-0.6555133681  
-0.6237159287  
0.4531187634  
0.7716148241  
1.067427045  
1.281326389  
1.24392503  
2.495447983  
2.297832203  
0.0337556943  
2.512003712  
0.8917838356  
0.5474252077  
-0.06545682998  
2.306983687  
-0.369127879  
-2.210661064  
1.477756312  
2.360320003  
-0.6089058109  
-0.09679614242  
0.3743571725  
-2.816997578  
-1.454688865  
-2.027673626  
-1.429238649  
-2.475683761  
-1.242236775  
-0.2038659732  
1.142599266  
-0.8511260375  
-0.1827147364  
-0.1618486018  
-1.468833027  
1.007309876  
-0.3023910808  
2.384368051  
-0.4556645692  
0.3885994082  
0.7767595939  
-0.4447241135  
-0.5964180896  
2.554320792  
2.442675481  
-0.2440677579  
1.827026342  
0.1523494917  
0.7551055303  
-1.111998908  
2.130002408  
-0.2126212607  
-0.4656356248  
0.9743217065  
0.7064637254  
0.8124497054  
-1.687724591  
-0.2530934515  
-2.130755843  
-1.500307633  
-0.9197500125  
-0.5869430103  
1.399017837  
0.7727603519  
-0.12843215  
-2.36728343  
0.569368925  
-1.88049082  
-0.1041861803  
-1.263168788  
-0.7764462576  
-1.905975228  
-0.5203602623  
1.516973639  
0.9846960437  
0.7918066907  
2.398510825  
1.194768905  
1.777565905  
1.024629973  
-1.312569943  
-0.3328443666  
-1.276880103  
-0.09411186612  
-0.6476785521  
1.615625726  
0.4237748623  
0.4539107765  
-1.232225901  
-0.08563568297  
0.3944938936  
1.314062363  
-0.5786252319  
0.5835780256  
0.2805736206  
0.3889009266  
-1.244908616  
-0.7911517636  
1.590714186  
-1.148794438  
-0.5291786758  
-0.1824300481  
0.7327290104  
1.090206305  
1.251989243  
0.9692313562  
2.441236148  
-0.9441042487  
-1.253294831  
0.6628971285  
-2.503899583  
-1.443221294  
-1.492145312  
-0.5541583904  
-0.2871873102  
1.945921908  
1.405748711  
1.23055573  
1.700610557  
-0.8469885776  
0.4676899361  
0.2100605361  
-0.737130405  
-2.287442264  
1.084818529  
-0.8552000655  
-0.5095800824  
-2.118295885  
-1.152320169  
-0.6744752316  
0.4894361936  
0.08209867802  
-0.3682684126  
-2.440044902  
0.08054687343  
-0.3714805424  
-0.06034160112  
1.625863791  
-0.1669287926  
0.09329648338  
2.741210407  
1.318401393  
0.8502051825  
-0.5348315289  
2.385249103  
2.420754649  
-2.096260557  
-0.5802878457  
-2.870906809  
-1.22093017  
-2.265123285  
-1.80318031  
1.907716703  
4.217272024  
2.109891491  
2.599826914  
2.3694161  
-1.163384001  
-0.4571758325  
-1.327625269  
-1.057137696  
-0.2272647683  
-1.54401034  
-1.93889533  
2.353782342  
2.018884035  
-2.484413764  
-0.4790209546  
-0.2177779009  
-1.185690803  
0.06025974257  
2.499408627  
1.803124011  
-1.286862397  
0.08803058697  
-2.173660147  
0.1084163639  
-0.7691280203  
-1.643423096  
-1.882119556  
-1.879563812  
-1.117933965  
-0.6666073748  
-0.3903460788  
2.700340357  
2.285774455  
2.429599325  
-0.2436994737  
1.293533062  
