-0.5785937812  
-1.745591779  
0.4087481227  
-0.9028450568  
0.3899884369  
-0.3756220685  
0.4719927209  
0.4164518327  
2.360665745  
1.072392526  
-0.3115245791  
-1.032918074  
-2.576587483  
-0.604891214  
-0.03148360567  
2.223153082  
-0.01455621834  
1.479449728  
0.2544603189  
-1.78455509  
0.5454847552  
0.3613390947  
1.239370419  
-1.040588502  
1.111122952  
1.240705311  
-1.155716149  
0.9936443731  
-0.005129557613  
1.204192268  
-0.6228389259  
2.015473811  
0.08266913199  
-1.528399003  
-0.2603429695  
0.6045633219  
0.8050114489  
0.5116993928  
0.5508971892  
-0.8399847231  
0.5257732899  
-1.352065283  
-1.564798509  
-0.9359506771  
0.2593617698  
0.9378036231  
0.2638141948  
0.4012268331  
0.7690588646  
-0.9382622043  
-0.5997623143  
0.6485213548  
0.2894331635  
2.176832318  
2.48344391  
-0.9422956762  
-0.9431332641  
-1.278488384  
0.4967484905  
0.07006700693  
-0.4695932915  
-1.14376076  
-2.056575137  
-0.7001828119  
-0.4681019716  
0.8506959851  
-1.025914648  
0.1012149621  
-1.363343093  
0.6812358669  
-1.173013761  
1.622259062  
0.401121352  
1.645778935  
0.4066457828  
1.267844085  
-0.1521380603  
-1.985500506  
1.172344075  
-0.1877751868  
-0.3428182439  
-1.617252665  
0.05321086331  
-0.9241791885  
-0.6052169773  
-0.7540427473  
-0.4548984888  
0.8591402207  
-0.411216662  
0.04452934961  
-0.6400399548  
-0.5195661825  
-0.8710597736  
1.280418709  
0.3316985884  
0.5949785596  
-0.2169957168  
-0.117991867  
-0.1798571181  
1.245645251  
3.27527317  
0.8205252386  
-0.1416735468  
-1.281296607  
-0.2624509726  
-1.308073902  
-0.385628527  
-0.1366692339  
-0.8858538163  
-1.535833538  
0.2237172922  
-0.7157737228  
0.6371002597  
-0.958333498  
-2.24290381  
0.269266161  
-0.1632288601  
0.7182103712  
-1.177638757  
0.8930569065  
-0.7866106425  
0.6077035065  
0.489071399  
0.5696695455  
-1.056460591  
0.8593269097  
-0.2552742695  
-1.338411269  
-2.154219199  
1.972713719  
2.379186382  
1.346259017  
1.20885168  
-0.7052510881  
-0.06464065698  
-1.401542852  
0.4339478832  
-1.21403022  
1.793003487  
-0.2704396718  
1.010141326  
-0.299102624  
0.8599972724  
1.650926537  
0.5326901378  
1.128763061  
1.029452677  
1.159002401  
0.2083437407  
1.305575894  
-0.2350991736  
1.199783696  
0.7452981332  
0.2211443792  
-2.061526427  
1.391472638  
-2.120895349  
0.003632894841  
-2.66928694  
0.3653004979  
-0.641351154  
-4.639670748  
-2.72321918  
-0.7476559205  
0.2217371783  
0.2298510268  
2.377360868  
-0.4587733867  
3.37330401  
1.643385611  
-0.01079896306  
-1.094917191  
1.871776399  
-0.387810196  
0.9740208073  
0.5607255861  
-1.342634725  
-0.9126134398  
-0.3098246986  
1.74959632  
-0.854990319  
0.3719782111  
-1.264136952  
1.409174324  
-0.1214764858  
0.9237326333  
-0.521979506  
-0.698960078  
1.323893278  
0.8345391712  
-0.7621155725  
-2.701856232  
0.1872652571  
0.8697695072  
2.933288289  
1.530276906  
-0.01354744402  
-2.123197842  
0.187511106  
-1.267749228  
1.12771755  
0.6838729424  
1.158876263  
0.0944216364  
-2.116786876  
-1.176109622  
2.087914999  
0.4271105671  
-1.24890425  
0.7194126705  
-1.290763134  
-1.690093084  
-3.06345895  
-0.5360056208  
0.1724614794  
0.2026752179  
0.2898294376  
-0.6186140163  
-1.083878325  
-1.621947426  
-0.4788572341  
-1.530319229  
2.143880571  
0.2679682021  
1.983741582  
0.2495494023  
0.1814643229  
0.4823997408  
0.1168163966  
1.571313883  
-0.4705364973  
0.7826957969  
-1.880710264  
0.1022302068  
-2.417386865  
0.6744320916  
-1.517504473  
0.3828914736  
0.02834241118  
-0.5461375219  
-2.746816687  
-1.869918292  
1.8371964  
-0.03404970855  
-0.28986335  
0.4519848453  
1.415521266  
2.577310645  
-0.3053386193  
0.1473039379  
-1.215379568  
0.8210452083  
-0.05290534251  
0.871776738  
-2.084371348  
0.7941657186  
-1.212937539  
3.222123405  
-0.5608306219  
-0.7930364074  
0.2447418707  
-0.9640371021  
0.4288325292  
-0.395969478  
-0.2888491982  
1.195698315  
-0.5813957953  
-1.24655295  
1.201119433  
-0.6659256474  
1.879181319  
0.6440624515  
0.2678691972  
-0.7430726736  
0.4566637891  
0.4765122316  
-1.904502812  
2.004929665  
-1.107821597  
2.957852566  
1.853016782  
2.49151395  
-0.3722868846  
0.8990149053  
-1.275255596  
-0.1207370022  
-0.7716776801  
-0.3380164465  
0.003309939941  
-2.705216416  
0.7125692897  
0.7984189794  
0.1138638639  
-1.958180566  
-0.1371875939  
-2.593639791  
1.229600761  
0.7022264281  
-0.5520607261  
-0.1251312798  
-1.613460418  
2.157745375  
-0.5726836315  
-0.205961089  
-0.5857731957  
0.8324831039  
-0.4211240279  
1.71583506  
-0.07903493019  
1.808974616  
-0.3505133455  
0.9917415033  
-0.9027200353  
0.7394235395  
-0.6726708728  
-1.120632914  
0.5385998866  
-0.2509459481  
1.354047599  
-1.818763027  
-0.2236882266  
-0.8698701779  
1.275776202  
1.175121317  
0.4366827137  
-2.317236167  
1.102998257  
-1.527152767  
-1.235119436  
-0.6678674862  
-1.587333834  
1.628991439  
0.8696097351  
1.677688628  
-0.4088405004  
2.504821256  
0.7832136349  
3.602983708  
-0.5095175664  
-0.2774831339  
1.723523108  
-3.336157065  
-1.091953817  
-1.074834199  
2.290130364  
-0.6261378565  
0.6404168699  
-0.7999218541  
0.7161858751  
-1.166253893  
0.1920692269  
0.5482567317  
-1.030038806  
0.8183258786  
-1.222157247  
-1.479825085  
-1.979490443  
0.751256858  
0.5271302159  
-0.137253437  
-1.02315776  
0.08113872331  
-2.500949888  
1.245130593  
-2.534271286  
-0.2074696776  
0.3951427399  
1.482419173  
-0.442551709  
2.257691906  
1.394270519  
-3.076045796  
-1.055202322  
-2.582958077  
0.7476954445  
-1.169972094  
0.1770627087  
-1.667160422  
0.2576253565  
-0.03807464177  
1.15462309  
-0.2352774045  
3.566072238  
0.4883130538  
-0.2552227653  
0.1961896088  
-2.606301174  
2.811776291  
-0.1844701925  
2.086928613  
-0.8971174813  
0.9792986102  
-0.5175816015  
-0.7120804218  
0.267935785  
-1.75974486  
0.2822119861  
-0.945392411  
2.116122425  
-0.2661770024  
0.08300235236  
-0.4021935134  
1.247964769  
-1.735390403  
1.793361146  
0.7033369485  
-0.1922265098  
-1.100251794  
-0.6296605995  
0.3815093782  
-0.6803066462  
2.958057775  
1.0103081  
1.950680074  
0.008945058498  
1.972017408  
0.03126873833  
-0.3502482744  
-1.310405228  
0.6466402042  
-2.102640699  
-1.229587272  
-0.5845755226  
-0.8080346535  
0.3801729197  
-0.2472743614  
0.1579706438  
-2.112482284  
1.804112728  
-0.9947561548  
-1.348628406  
-0.8420870937  
0.295606826  
-0.6406562499  
-3.241803278  
-0.4702273317  
-0.2512235988  
-0.396720191  
-0.7185005568  
-0.3763357664  
-0.8131283657  
1.672715502  
-0.9393358635  
1.023316828  
2.050202457  
0.9270147688  
1.939422007  
0.3502240448  
1.245932721  
-0.5127729867  
1.923974158  
0.4402251791  
0.236492846  
-1.386881001  
1.552751917  
-0.4116177274  
0.1225742282  
0.5842759396  
-0.4826098492  
1.905325461  
-0.553085461  
0.6648688224  
-1.323694247  
1.486038022  
-0.3109428152  
-1.111786973  
-1.064653765  
-1.421001279  
1.764979014  
-1.365833012  
-0.8199844207  
-0.6658424207  
1.216158748  
-0.2981320361  
2.483320136  
1.33509358  
-0.9551844188  
-0.5739882847  
1.187684868  
2.054334851  
-1.300217223  
-0.5620527538  
0.04311563507  
0.7109044306  
-1.729894921  
2.240744338  
1.064552448  
1.315057986  
-1.122379131  
2.064574731  
-1.236421427  
-0.4867835456  
0.1871366741  
-1.091636737  
0.4085234674  
-1.601909627  
0.7100725636  
-1.517995094  
-1.067001863  
0.4597883108  
2.743420008  
-1.767664796  
-1.725416724  
-1.702810978  
2.217133053  
-0.694624491  
-1.072555563  
1.580728622  
-1.934625828  
-0.3755965761  
0.2130923047  
-1.437955498  
-0.6329705855  
1.544972056  
-1.486375253  
3.069505883  
0.4531896338  
-0.8865061501  
0.5160616104  
-0.3479286397  
-0.9209586322  
-0.6317842934  
0.1269752172  
-2.314281972  
1.061595853  
-1.52921611  
1.492409418  
-0.1375629258  
1.791603646  
0.1733503554  
-0.8335892561  
-0.9387337215  
1.740598436  
0.2601006714  
-0.1570179899  
-1.455445313  
2.118710366  
-0.7078089273  
3.578220635  
-0.08169917496  
-0.7929227194  
0.1374819086  
-1.647436391  
1.751319977  
0.05911287173  
0.7664826452  
-0.3611675421  
-1.205051588  
-0.7732243077  
1.144658661  
-1.323069239  
0.2092763994  
-1.274620112  
2.386398062  
1.195718623  
-0.7751868847  
-0.6804077237  
-2.34788242  
0.7196276059  
1.195482616  
2.119100052  
-2.008618081  
0.6266796448  
-0.8129427155  
1.281385673  
1.213662811  
-1.636469752  
1.010440768  
-2.358148427  
1.209314241  
-1.729261943  
0.4658572321  
0.6984963393  
-0.5894968736  
0.3239392526  
-1.808225839  
-0.3825754408  
-0.753636629  
-0.01638260556  
-0.6805542421  
1.341778235  
-0.08650166162  
2.852825159  
-0.2179676685  
0.2730426327  
2.304760554  
-1.491989456  
-0.7178078589  
-0.4396158062  
0.199333936  
