0.06024446709  
-2.178878903  
-0.3011969744  
-1.574678374  
1.531684289  
-1.085082453  
-2.133834359  
0.2834050081  
0.619594141  
0.5006802215  
-1.773686416  
-0.2594433668  
0.251663356  
2.583373696  
0.1044653998  
0.9314059863  
-0.01844614627  
-0.1715398093  
1.278826639  
-1.164613485  
0.8200763417  
1.301886076  
2.617023852  
-1.006374531  
-1.105720969  
1.036149924  
-0.323531038  
1.410216121  
1.418305693  
4.30942999  
0.04541748869  
0.3400060468  
-0.3055121578  
0.3221523677  
0.9530008535  
-0.3889287221  
1.845862592  
1.028357782  
0.5103368582  
-0.8687838013  
1.510148546  
0.7239689822  
-2.568601069  
-2.935859378  
-1.0169823  
1.140600725  
-0.7837726966  
1.339213592  
1.394130113  
4.240537123  
1.035724513  
-0.06440823153  
-0.02454996716  
0.3658267403  
0.05632907643  
-1.340300072  
0.9443175416  
1.610064919  
-0.07359049082  
-3.160001877  
-2.458757366  
-1.272039296  
-0.2764464683  
1.0861085  
0.07793672246  
1.133842282  
-1.698484416  
0.2708171793  
-0.5002279029  
0.4907262409  
-1.010098578  
0.6667873976  
-0.4872640859  
-0.24980042  
-1.578861948  
-1.92184832  
-0.7491056971  
-1.873863724  
1.466959693  
-0.08929233208  
0.6968582055  
-2.768336821  
-0.6054086125  
0.771552068  
0.279941805  
0.8456649607  
0.8831863862  
2.304863856  
-0.337292421  
0.7070463942  
-0.05426558713  
1.955714878  
0.33301703  
2.001963  
-0.2327136999  
-2.835497287  
-3.218999647  
-1.680951573  
-0.6581447494  
-2.340604668  
0.5952646621  
0.3372929305  
1.760693129  
0.02215802803  
1.971592832  
0.9850014919  
2.94060673  
-0.1663299764  
1.32711555  
0.6711689417  
-0.379394285  
-2.485542096  
-1.902747933  
-0.7391495437  
-0.5432847966  
0.4857390282  
-1.444185324  
0.3429076851  
-2.969449067  
0.3180678589  
-0.5377493211  
-0.03951140042  
0.7315739331  
1.01591369  
-1.555686611  
-2.261113946  
-2.307117819  
-1.918154962  
-3.282052967  
-2.917705591  
-0.5708920282  
-1.406118281  
1.409631388  
-1.2398164  
-0.4646191189  
0.8228945204  
0.1747114839  
-2.026089405  
-0.3119789665  
-0.4658463788  
-2.711509351  
0.3913410795  
1.714816216  
2.744748292  
0.6898693395  
1.742579411  
1.232065474  
3.224863172  
1.515243826  
1.65448142  
1.191019917  
6.039414257  
0.5284657258  
3.968181721  
4.799579722  
6.556762838  
4.264940217  
1.441789738  
0.4383402811  
-0.9316954377  
-2.406824974  
-1.965366375  
-0.564574769  
-1.114812128  
1.845104077  
1.138975176  
2.566851826  
-1.354230962  
4.507524207  
1.639888097  
3.303145611  
0.5936820441  
-0.2301597302  
-2.01341967  
-2.550035218  
-2.628147666  
-2.466437982  
-0.6668419907  
-3.598772384  
-0.9140196609  
-1.401849621  
-1.248217061  
-4.208447499  
-5.120721846  
-0.8600175544  
-1.500710696  
0.1449618887  
-2.801060757  
-0.7267675611  
-1.838638909  
0.8772066229  
0.8986508247  
2.643902204  
-0.8271684528  
1.664707924  
-1.127436664  
0.621511153  
-2.559866994  
-1.231268689  
-0.8584086198  
-0.3573987824  
-0.4139577997  
-2.147984467  
0.7482727356  
0.6531964723  
3.641640423  
3.615604617  
5.175467753  
0.35617474  
1.241154178  
-1.098070427  
0.06926204755  
0.3789180129  
-0.3378517306  
0.07193396002  
-1.364610436  
1.623535654  
0.2277976571  
2.008148014  
0.8658785333  
4.009152244  
1.729666155  
2.411879241  
-0.8088582874  
-1.403969052  
-1.54689023  
-1.646074493  
-1.780196562  
-2.794597267  
-1.647656555  
-3.812748669  
-1.696957508  
-2.631228003  
-0.7007213393  
-0.2823489002  
-0.7205572976  
-2.741046495  
-2.639344499  
0.5580837175  
-0.05431012487  
2.232489055  
-0.9534898522  
0.1153031842  
-1.016521271  
-1.430459203  
-2.108896402  
-2.773041705  
0.2170711143  
-1.443622856  
2.58896177  
0.2136874434  
2.112209042  
0.6161960024  
0.6899594126  
-0.7659052377  
1.94080158  
0.5389840519  
1.165985198  
-0.3746433558  
0.133987062  
1.656885532  
0.8157788747  
2.233064367  
-0.5191025323  
-0.1584312571  
-0.482704114  
0.9521353426  
-1.79907612  
0.7187816055  
-0.385295537  
-0.2815676292  
-0.4566126326  
-0.423811142  
-1.379842923  
-0.7910111573  
0.8500572974  
-1.204034134  
0.3067965025  
-2.190138448  
0.9072205564  
-1.380276333  
0.08851030487  
0.2160447781  
1.04490477  
1.557623625  
1.76372071  
0.1941765795  
0.5146086402  
2.544435497  
0.9652591337  
3.120231531  
-0.4317753145  
-0.5031874603  
-2.416166246  
-3.15041813  
-0.3818977655  
-0.6397660458  
-0.35464515  
-1.352522578  
0.8261960375  
-1.30243339  
0.5127920542  
1.173536313  
1.123378146  
-0.6309570262  
1.927947729  
0.2749370054  
-0.4093229129  
0.9368041875  
0.6289973063  
-1.489061634  
-2.930937141  
-0.7303305614  
0.2645200507  
-0.2442192029  
-0.6574317981  
1.392284832  
-0.6819986328  
-0.8158606225  
-0.5310401705  
2.404925197  
-0.06158719375  
1.591221762  
1.465099825  
0.5046034121  
-1.311954862  
0.02568264975  
1.31969264  
1.066595864  
1.942199038  
1.142832951  
0.6294997513  
-1.608255292  
0.6160798894  
-1.59810267  
-0.6386575779  
-0.9706912451  
-0.7421082377  
-2.012951368  
-2.639684788  
0.4813912676  
-1.118037477  
1.237444753  
3.590546013  
2.906066557  
-1.662890803  
0.3360589415  
0.5693464339  
-0.7066170628  
-0.06082407024  
1.592506282  
0.8376809399  
-0.922398825  
0.2863133914  
-0.1251682563  
1.720183041  
2.465622408  
2.719973953  
-0.1350040078  
-0.6395034893  
-0.8303830419  
-1.488953767  
-0.8491300426  
-0.4868436768  
-2.240268041  
-3.813250639  
-0.968992425  
-1.798404403  
-0.8689315634  
-1.916455004  
0.6967725177  
-0.5691334701  
0.5697522003  
-0.2724457792  
1.694504203  
-0.7661722424  
0.1999604135  
0.6137680986  
2.016755907  
1.827673554  
0.6752823314  
-0.9838204211  
-0.1364955692  
0.7796685706  
0.01033393063  
0.5826061502  
-0.3156334911  
2.416093766  
-1.230203683  
-1.453309218  
-1.46784604  
-0.2002588799  
-1.000786329  
-2.231508212  
1.143097202  
-0.8910211965  
0.2009978763  
0.9145652781  
2.844272798  
2.630931297  
2.16406207  
-1.700335165  
-0.6288872999  
-3.443626899  
-3.477785443  
-1.110349677  
-0.7948476635  
0.9033065967  
-0.2996798299  
1.094686658  
0.3665779716  
1.072779511  
-0.1202869984  
1.707705028  
-0.4120092396  
1.203277298  
-0.6629211479  
-0.8568064296  
-1.567472645  
1.38046333  
2.130936212  
-0.5460674715  
0.4037646864  
-0.5424781782  
1.070895577  
-0.9877482745  
0.9908846267  
-0.5701853693  
-0.6846330116  
-0.4633175387  
0.273246695  
0.07861095471  
-1.980935383  
1.29108054  
1.677949924  
2.013934231  
-1.480961476  
-0.553143345  
-0.9988328639  
-0.8020340704  
-0.6545747063  
0.6082317505  
-0.4885722596  
0.08494358434  
0.7272624165  
-1.550903616  
1.252412794  
0.408161058  
2.45571218  
-0.2065318317  
0.9976093464  
0.04134046348  
-0.6138241849  
-1.509686623  
0.7032693507  
0.3229466082  
-0.4928241652  
2.390179108  
-0.5614032659  
-0.6560081874  
-1.992466135  
-0.08653242293  
-0.4073092804  
-0.1463532089  
0.1289904009  
-0.4851301342  
0.6032571042  
0.2943829328  
1.42238818  
0.3726784751  
1.790737139  
0.9231861185  
-0.2333340768  
-1.148654483  
0.2449969065  
-0.8229370026  
0.6581891605  
2.142384987  
-0.08785787644  
-0.02949739111  
-1.889705499  
-0.1108795417  
-0.6497955436  
1.599909097  
-0.1138544279  
2.333256895  
0.6723684258  
-1.029654929  
-0.6431145088  
-1.813090337  
-2.569213722  
0.1322233678  
0.6779757699  
-1.384074814  
-1.68320974  
-1.73214581  
0.4463696747  
-2.025203976  
0.211806305  
0.4280560749  
2.225021712  
-0.9132422133  
-1.320929687  
-0.5887110131  
0.6784147332  
0.7226479708  
-0.2947668866  
1.556682854  
-0.6464817417  
1.698007241  
0.07950965033  
1.055462256  
-1.014143624  
2.754566575  
-0.7577552081  
-0.7459833845  
-0.4623951372  
-0.7357152626  
0.4699653365  
0.3021030647  
3.027409926  
0.4884946097  
2.729850831  
-0.1131028027  
0.1397323673  
-1.108060214  
2.579060054  
0.6091034716  
1.535622722  
-1.834625481  
-1.135665747  
-2.894082289  
-1.721537961  
-2.485079398  
-1.296836826  
0.4124602222  
1.524668463  
-1.444288737  
0.6492442349  
-2.448585975  
-1.435676257  
0.09674483877  
0.8617426552  
2.41722544  
0.9877092022  
1.934121446  
1.52612743  
3.135906496  
-1.093809221  
-0.1236513892  
1.307861062  
-0.988279405  
-2.135106791  
-0.2691318645  
0.005963170365  
-1.58629906  
0.9373171075  
-0.7269420473  
-0.5506503724  
-2.220158555  
-0.1229117383  
-0.3845260974  
1.490620972  
-1.876416118  
-0.05374619384  
1.28005422  
-1.691901463  
0.9233502317  
-1.589733729  
1.562008003  
0.005432116867  
-0.6978915573  
-0.07472481251  
-2.287722018  
0.217296939  
-0.1612175347  
0.8713840463  
1.708960269  
4.422934806  
0.3094621581  
1.663178043  
-2.533246729  
-0.6940212924  
-1.551919075  
-0.7052638646  
-0.5134702233  
0.7321845902  
0.5451886255  
-2.479238628  
2.490257273  
