-3.158903585  
0.2270437495  
-0.4549715056  
0.9376652125  
-0.07311491775  
0.1061057142  
1.191822309  
1.361863447  
-0.1388235001  
1.524192192  
0.5352859885  
-0.698312002  
0.09401083649  
-1.186832384  
0.1306974302  
-1.390266714  
-0.02303433938  
1.248271977  
0.4924329428  
0.5977404339  
0.0634010538  
1.214811258  
-1.141964507  
-2.062071324  
-1.386769617  
0.6445771929  
0.6253239637  
-1.745970566  
1.036393592  
0.5977715047  
0.3283044516  
1.169958539  
1.672670239  
0.8816506736  
-0.749879957  
0.3364348426  
1.286224312  
1.396276499  
-1.88273354  
1.242236413  
-0.2344422103  
1.236524201  
0.1386627756  
-1.239073456  
0.3056752856  
-0.3504132297  
0.8621771245  
-0.5906013314  
-0.3024038687  
-1.579858964  
-0.09060092497  
-0.8841145654  
0.2811056152  
1.204456199  
1.6197236  
1.597492899  
-0.2028896504  
0.05602937541  
-0.280104665  
-1.268310848  
0.4035213557  
0.3166371984  
0.417872554  
-0.2955721524  
-0.4140669125  
0.2896325783  
0.3576414012  
-0.5522237025  
-0.05435888965  
-1.098699955  
-1.802202488  
0.08513255681  
0.1705612484  
0.536356506  
-0.4932439867  
-0.2659549852  
-1.162817517  
-1.234954255  
-0.9508170377  
-1.172365477  
0.1512305  
0.2818769424  
-0.5363552228  
1.073350913  
1.878873929  
1.228599498  
2.678269917  
-0.054470793  
1.214072518  
-1.210201921  
-1.201536412  
-0.3876270993  
-0.7358101924  
-0.7196294178  
0.2015774987  
0.1228798328  
-0.8786554948  
0.1514684557  
0.7909345401  
-0.3905702469  
-2.393964245  
-1.73691063  
-1.216510668  
-0.1939790501  
-0.04212652703  
0.2778392342  
0.0745963772  
0.1173444668  
0.8167765804  
0.7924074469  
1.120187716  
-0.2476555353  
0.7855291552  
1.865972687  
-0.5252238609  
-0.9585887698  
0.4234283715  
0.222403388  
-0.6102975673  
0.3266363789  
2.283959627  
0.9638561426  
0.2954709102  
-1.289765372  
-1.104055547  
-0.2291195196  
-0.223378015  
1.08266897  
-0.4125338312  
-0.6284747753  
-0.3934135057  
-1.079016032  
-2.149528908  
0.03771120282  
0.008643462592  
-0.8868848988  
0.4439402231  
1.050840054  
2.144508048  
-0.7763271747  
0.9927397264  
2.160793757  
1.820935358  
0.483851205  
-0.8680323241  
1.104341657  
0.348087187  
-1.446935329  
-0.1616015288  
-0.1666520504  
-1.294561531  
0.06601785852  
0.3537494396  
-0.01309821538  
-0.8129284312  
-0.2009373617  
1.152366793  
-0.5479845811  
-1.138806809  
0.3798589325  
1.205536063  
1.162572594  
-1.186711665  
0.3932180725  
0.306054125  
-1.130549514  
0.599805431  
-1.500449874  
0.9056856961  
-0.6191885388  
0.9542942821  
2.231488902  
2.69242453  
2.129017346  
1.228795856  
-0.5206008854  
-0.1111787207  
0.3336565356  
-1.082200374  
-2.611345473  
-2.627296205  
-0.9029769313  
-1.912620123  
-1.166253509  
0.08203730825  
0.9312854536  
0.4780565169  
-0.5269741006  
1.431116554  
0.3890668474  
0.5562056377  
1.296861524  
0.6919612106  
-1.005176076  
-0.1911049914  
0.3031695721  
-0.8245820448  
-1.683233546  
0.3637057071  
0.7616494171  
1.701093714  
-1.532617169  
0.1608730547  
1.073334648  
1.433480366  
2.462955814  
0.5288942443  
1.185391441  
-0.1500681318  
0.3797632079  
-0.7746542918  
-0.7573555927  
-0.8838523375  
1.141830947  
-2.489805093  
-3.573579657  
-0.04171634532  
1.982385706  
1.604006852  
0.3279068989  
-0.2555376647  
1.451989891  
0.289488314  
-0.3648720669  
1.332332842  
0.176240913  
-0.9183871351  
-1.355072815  
1.287093799  
-1.385966478  
-1.832520406  
-1.140447969  
-1.587673611  
-2.338187144  
-1.63166299  
0.8898630634  
0.08727840033  
0.3493625511  
0.7426002543  
-0.75963369  
-0.09666187826  
-1.07989112  
0.652396006  
0.3516756948  
-0.8866651181  
-1.460388415  
0.6873459505  
0.4235236258  
-0.1665023789  
1.021954534  
-0.1532162171  
-0.324752815  
0.5601788023  
1.189102724  
-1.070613115  
-0.3084423328  
-0.8715242182  
-0.1937538698  
-0.2793607641  
-0.1142361238  
1.085305916  
-0.8104033358  
0.3104090208  
-0.2801307721  
-0.1745368471  
-1.700966262  
0.6112624551  
1.480909449  
-0.2760722126  
-2.236092946  
-0.6258776556  
-0.3782078629  
-0.9575981171  
-0.06679771596  
0.4368383449  
2.201494215  
2.119484481  
-0.8970790139  
0.6415648405  
-0.01336716886  
0.01821200236  
-0.2899781513  
0.2132070849  
1.601885851  
0.1600407069  
2.124191524  
1.545444874  
-1.140164564  
-0.6471220389  
0.8331367946  
-0.3201587847  
-0.6387143666  
-0.1481962468  
-0.9417359025  
-1.47521273  
-0.7122887088  
-0.7611618769  
0.08070342902  
0.1956113969  
0.003271925626  
0.8542732735  
2.576351531  
-0.2267458071  
-1.245213946  
-0.6679958036  
-0.01551855196  
-0.9246195525  
-0.750464155  
0.711063532  
-1.048267901  
-2.660717217  
-0.7911969015  
0.7933759029  
0.6595101576  
0.9893701885  
1.049723879  
0.3725125184  
-0.7002599596  
-0.5447766273  
0.8453129149  
0.9594110898  
-1.2407365  
1.534975065  
0.8832250399  
-0.135512348  
1.291116653  
2.195995314  
1.351866137  
0.7399573233  
-0.01553301456  
0.3637941517  
-1.144283382  
-2.341357611  
-0.2495533771  
0.1808581802  
-0.8724637095  
-0.7070774428  
-0.07151911133  
-0.61114575  
0.9970743068  
-0.6832733501  
1.444913738  
0.3712174927  
-0.1766216121  
1.364909094  
0.7652708257  
-0.2435675072  
-0.4803225585  
-0.5019750798  
0.1857231182  
0.4080067529  
-1.64881826  
1.014418116  
0.3638363924  
1.908608163  
1.477613583  
-1.02546216  
-2.677282622  
-0.6835125703  
-0.00582397817  
-1.202827741  
-0.5027064101  
0.8853327496  
-0.4139780129  
-1.32307838  
0.6432484518  
1.087936389  
-1.069641211  
-1.623702924  
-0.2365414717  
0.7765633986  
0.3604303559  
0.804877942  
1.318587051  
-0.4915310809  
-0.5988914802  
0.6650127694  
-0.4181300565  
-0.7772206252  
-0.5485643079  
1.461772846  
0.1663703391  
0.5498184384  
-0.5188355339  
0.4875385245  
0.2520663659  
0.6444884765  
-0.3608497766  
-0.7831335047  
1.069222383  
0.1032210794  
0.4150109076  
0.0778759659  
0.9017788056  
0.0655745959  
-0.007709141037  
1.085576445  
-0.03000752266  
-0.2323230183  
-0.56481087  
-0.3914788471  
0.2672465853  
-1.455079833  
-2.59131695  
-0.003336593931  
0.7472767042  
0.2199619439  
-0.6891891924  
1.416127552  
0.7129227095  
-0.2211897146  
0.4122161114  
-0.09784842689  
-1.434718851  
-1.232250649  
-0.5315698717  
-1.223416312  
-0.8440900697  
1.43463512  
0.8958610178  
0.7721125472  
1.18905994  
0.2777899884  
1.901664436  
0.5971232232  
0.1377806474  
0.8201764364  
-0.3198703773  
-0.887185385  
0.1103660552  
1.838252387  
-0.500318466  
-1.121068567  
1.19530933  
1.572895773  
-0.09354741368  
-1.972111449  
-0.7216530245  
-2.788446853  
-2.751790443  
-0.3460143797  
0.685434829  
0.004358346267  
-0.09069814849  
-0.313311062  
-1.660931658  
-0.8140733577  
0.1319290604  
1.053346106  
0.5915707177  
0.7495519058  
0.8979602771  
0.8664405661  
1.156564706  
0.1373136482  
0.5469760035  
0.7565934595  
0.06869791379  
1.23783945  
-0.6583728912  
-0.6567178432  
-0.152230121  
1.912681498  
0.7614503806  
-0.2090790632  
0.5578510895  
-0.6609892849  
-1.735509183  
0.1098139539  
0.71033131  
0.08206886075  
-0.6470304794  
1.32752682  
1.427296088  
-1.31413411  
-1.964734968  
0.378778015  
0.9982343702  
-1.305600632  
-0.8102665501  
0.2701579943  
-0.3740240472  
-1.59458844  
-0.04760288227  
-1.559090538  
-1.839838189  
0.6458057017  
0.7173097407  
0.3227478254  
0.2765790898  
-0.1316911983  
0.7345015954  
-0.5776535284  
-0.3074339788  
0.4981616207  
0.4588036442  
-0.06994773659  
1.350981633  
0.07637727126  
0.353920311  
1.244520556  
0.5374307818  
-0.6000455369  
0.3566136387  
1.748924434  
0.8365287743  
-0.7112503859  
-1.8041069  
0.4145381372  
0.08273394452  
-1.583809507  
0.200226829  
-0.08049979806  
-0.9732167444  
-1.219059646  
-0.7846496727  
-1.128921335  
-1.924567015  
-0.2158439617  
0.7379014226  
-0.6668679858  
-1.050027081  
-0.008060489776  
1.328995526  
0.3149609254  
0.0139709268  
0.5379980779  
0.2768048158  
-0.2217417964  
0.6206203965  
0.6545903807  
-0.1333730031  
0.1621429376  
1.570848851  
0.05794123697  
0.1336906695  
-0.2593648081  
0.9018215016  
0.5221469479  
1.361602146  
1.784573551  
0.2732963375  
-1.51156476  
0.7117542096  
-0.7551239986  
-0.4826475042  
-0.7703751104  
1.486171151  
-0.8150398179  
-0.08979515773  
-0.8079452923  
-0.7471606946  
-0.4040055457  
-0.6674144315  
0.6202146758  
0.4968870653  
-1.068179574  
-0.3973074043  
0.1842187305  
-0.5985092268  
0.1320335785  
1.177255474  
0.784783011  
-0.06533430167  
0.6620774833  
-1.144151779  
-1.173942601  
-0.4153707871  
0.5259256374  
-1.138479022  
-0.673456569  
-0.09518856277  
0.2698558431  
-0.8609770811  
-0.07612340941  
0.8641547974  
1.625621779  
-1.880383079  
0.01004405569  
0.2923147126  
-0.3578833478  
-0.5514541861  
0.5479259893  
0.7735697673  
-0.915374582  
-0.09319261269  
1.271689078  
-0.5659904226  
-0.3115183398  
1.539057884  
