-0.108772022  
-0.1200611797  
-1.143320862  
-0.918554352  
0.1909094796  
-0.2811084665  
0.9587104838  
0.626169928  
2.494435963  
1.763724516  
0.2779534506  
-1.581710739  
-2.306069164  
-0.7131506924  
-0.5025218693  
0.852991694  
-0.1921494545  
1.287992312  
-0.7788269219  
1.047778592  
-1.345252291  
0.4053358097  
2.037530614  
0.01190179713  
1.147133499  
-1.178892847  
-0.2894919895  
-1.350006674  
-0.731835055  
1.526131006  
-0.4076222021  
1.400283761  
-0.3816740603  
-1.081362584  
-1.596452281  
-0.1142058172  
-0.1979403687  
-0.2232473333  
1.169745482  
0.3120113546  
2.357037933  
0.09585933927  
-1.013882503  
0.2421317661  
2.034693754  
-0.04957772301  
0.03520440756  
-1.551340415  
0.5817141661  
1.825416921  
-0.1275397014  
0.2918421125  
0.2566517894  
0.1329907801  
-0.7578351162  
-1.591272259  
1.056559354  
0.9813693378  
1.18586499  
-0.06448326026  
1.22263676  
-0.5770500982  
-0.3302694157  
-1.375596132  
-0.6115984106  
-0.8790906477  
-0.7745976098  
-1.275590747  
-0.7477828679  
-1.174370204  
-1.284028751  
-0.01526172513  
1.135254156  
2.065202956  
1.084363115  
1.395651885  
0.9272434716  
-0.1245015064  
-1.704784014  
0.5914940904  
1.571605027  
1.267721946  
0.3672063316  
-2.259880797  
-0.8504874647  
-1.4217151  
1.472302627  
-0.33990422  
-0.776392017  
-1.057667812  
-1.66318971  
-1.155909078  
-0.5758380952  
0.5669272715  
-0.5847265984  
0.7280689157  
0.5388739927  
0.007725434188  
-1.188912087  
0.5280176358  
-0.6532318927  
1.004689781  
0.2636076011  
-1.236815775  
-0.08288177365  
0.1299999924  
0.8241038118  
0.1300474132  
0.9622353271  
0.9233524457  
0.0132908352  
-1.411012531  
1.115312496  
0.7475159999  
-0.3181980085  
-1.744047783  
1.473228748  
1.612085431  
0.9758625439  
0.1359047764  
-0.3699278204  
2.280081375  
-0.04708694348  
-0.86588167  
-0.2231448381  
-0.1206081407  
-2.769429301  
-0.07842132178  
-0.9514324353  
0.9787081606  
0.9729851675  
2.268256953  
-0.1709970235  
0.01281016219  
-0.5081904483  
0.5848136164  
1.380022313  
0.6051242338  
0.9623370016  
1.185569918  
0.8142329825  
-1.158001486  
2.354798193  
1.015720325  
1.399788291  
-0.9294523806  
1.129052827  
-1.365920401  
-1.655566354  
-0.003025342283  
0.9182329284  
-3.127609765  
-2.573363037  
-1.767076897  
0.1788640718  
0.02998841135  
-0.2041973675  
1.990037732  
-0.6279773878  
-0.09629277044  
-0.6339985885  
-1.59267923  
-2.518359408  
0.3703325272  
0.2190475269  
-0.2379399959  
-0.5744510007  
2.460903872  
2.674557582  
-0.4351573206  
0.7267579383  
0.6145293051  
0.2693981724  
-2.082862183  
0.6633431601  
-1.901931491  
-2.438015513  
-2.055546051  
0.1305785801  
1.115932138  
0.3417121044  
0.904736507  
0.5519546464  
1.270244767  
-0.4975165812  
2.608272425  
1.46960851  
0.1790372489  
-1.175227683  
-0.8910449552  
-2.740653972  
-1.607896368  
-1.026961036  
0.05895021832  
-0.6030246724  
0.4081690791  
1.401919882  
-0.05049640739  
1.567336713  
1.300788722  
2.987282079  
0.455969142  
0.490975071  
0.1611957352  
-0.2982233978  
-2.911385438  
-1.362272924  
-1.502975325  
0.5103556686  
-0.1524675326  
-1.889512188  
-0.1252166277  
-0.7385564082  
0.5210540843  
-0.05778993819  
3.572620473  
-1.019795152  
0.03071680063  
-1.121087556  
-1.560412962  
-1.023227394  
-0.01748623451  
-0.0846206974  
-1.200105008  
-0.6416388815  
-1.342782205  
0.05130949474  
-1.96588027  
-0.482862935  
-0.860999793  
-1.167737248  
1.414114614  
1.335745297  
1.106420434  
0.4003326939  
2.370371577  
0.7338478558  
0.6637080709  
-0.5059948392  
-0.02699611988  
1.314279122  
0.01331614372  
-0.4591319465  
1.089451619  
1.746392001  
0.3930944267  
0.09393582804  
-0.9265269249  
0.3106347934  
-1.01063092  
0.6739359102  
0.8096253666  
0.5229843001  
-0.9256480409  
-1.129989523  
-0.3343940453  
-0.08675223228  
0.3119392657  
-0.2876481399  
0.6384932407  
-1.742775301  
-1.1853972  
-1.567155868  
0.2190170832  
-1.238683682  
-0.01388909836  
1.630695221  
-0.4438860465  
0.3836703591  
0.3347561822  
1.842244642  
0.5108786367  
2.174463817  
-0.1365930151  
0.7564960698  
-1.21844001  
-1.443029203  
-0.9418052022  
0.4795854566  
1.844374259  
0.7364875144  
1.016530785  
0.2000590627  
-0.6725152694  
-1.87649499  
0.4015182421  
-0.7633897354  
0.211627675  
-2.144743799  
-2.663150809  
-0.835014818  
0.9712491003  
1.550650848  
0.4174701668  
2.535549834  
-1.915798557  
2.154468342  
0.4795542778  
-0.4806185128  
-0.3829178507  
-2.031948861  
-2.788428238  
-0.1773443076  
1.708045243  
-0.813157334  
0.4552262326  
-0.7673073782  
2.942373434  
1.161522791  
2.292772189  
0.5873467484  
1.440981612  
-1.08048083  
1.434365772  
0.3284989039  
-1.150167129  
-1.091468301  
-0.3608761601  
-0.5663596782  
-0.7490767918  
-0.4384965794  
0.4702180343  
0.94127296  
-1.664153014  
0.8859359855  
-0.3650212145  
0.2688634657  
-0.4540884029  
0.856591884  
-0.6561838183  
-0.7022522904  
-1.660475358  
0.1131183305  
-0.6281470129  
-0.6445212034  
2.811001274  
1.341297172  
1.740249112  
0.6410498217  
1.332192701  
-0.2795322729  
-1.508007264  
-2.829705534  
-0.538226775  
0.02080437229  
-0.03467764685  
2.191861708  
-1.126593372  
1.102185128  
0.7747172072  
1.714407038  
0.1719875319  
-0.9723692806  
-1.770280442  
-1.374374634  
-2.756233837  
-0.7339498411  
-0.4011761754  
-1.636346392  
-0.1050396899  
-0.5998984309  
0.08568351804  
-1.448618361  
0.2463614239  
1.089954118  
1.597365287  
0.007673715565  
2.853006557  
0.5056357868  
0.2183364728  
-1.216623028  
-1.025653624  
-1.229626102  
-0.2407057275  
1.098029224  
-0.09596958343  
1.165069066  
-1.38053616  
0.8862811511  
0.3718515715  
2.428999745  
1.65426439  
1.576255676  
-2.535249912  
-0.7109532041  
-2.085884366  
-1.374416386  
1.612932595  
0.4634501057  
1.052089574  
-0.04165860085  
0.7164536035  
-0.7060606679  
0.1262956731  
0.2497957697  
0.7950871631  
-0.6613565152  
-0.8815131813  
0.3339069289  
-0.0566664704  
1.029839941  
-0.3177626279  
-2.149502643e-05  
-1.444765663  
0.9904554422  
-1.730673453  
-0.3527452368  
-0.2912303204  
0.6218766057  
-0.8572618878  
-0.6543426851  
-1.729700267  
0.2494805808  
1.760207572  
-0.242839861  
1.396854455  
0.7436168824  
1.73414948  
-0.6967307421  
0.8921090847  
-0.848060006  
0.7242652616  
-0.6515065426  
-0.9969852592  
-0.4395926222  
-1.453580892  
0.6634243674  
-1.291341537  
1.613977806  
-0.4598939434  
-0.2898673915  
-0.9087339006  
1.370932508  
-0.6555347332  
0.4481037531  
-3.038917886  
-1.430003876  
0.2854010188  
0.8591735282  
1.257741436  
-1.640770418  
0.928459494  
0.1519203567  
0.6763231513  
0.4238854591  
0.5541261943  
-1.815362857  
-2.169936188  
1.102117629  
0.5672648749  
1.491412404  
0.8399581517  
1.715193917  
-0.7305833291  
0.5134130534  
-1.20287083  
-0.3812827581  
1.71169541  
0.376027619  
1.859773485  
0.3187856123  
2.307355114  
-0.5566227789  
1.085955149  
-1.096155941  
-1.750050157  
-1.677949176  
-0.003645547181  
-0.0003910786327  
1.129520758  
1.107083447  
-0.2046423502  
2.199456758  
1.133055905  
0.8423419115  
-0.1416319786  
1.71224854  
-1.782893964  
2.252674983  
-0.4646895193  
-1.134716195  
-2.786253954  
-1.567715147  
-2.240786991  
-0.9508306403  
-0.1045376778  
-1.387368393  
1.254044949  
-0.5071545417  
1.309664743  
-0.0298698363  
1.404208532  
-0.4269562951  
1.224715362  
-1.417632251  
-0.334449543  
-1.221552439  
-0.07318873546  
0.2834512512  
-0.05824070919  
1.121115047  
0.1883401113  
3.634996214  
0.2231271526  
1.624404986  
-1.205995717  
-0.6578942496  
0.4877440704  
0.7624070303  
-2.580103441  
0.3550946914  
-1.145324737  
-2.132188192  
-0.02725149348  
0.1300737404  
1.695501844  
0.2982871152  
1.363780138  
-1.026689451  
-0.1626228316  
-1.370679846  
-1.4588456  
-2.057003542  
-0.102011283  
-1.815948613  
-1.167906449  
-0.1903187171  
-1.03053735  
0.6305106944  
0.241763175  
0.5332484758  
-0.2746711027  
3.343796158  
0.02044609629  
1.6479359  
0.4917988155  
1.014317568  
0.8472017196  
2.15980885  
-1.071207579  
0.9744147899  
-1.93969234  
-0.07130755948  
-1.100327031  
0.3460467397  
-1.878763823  
-0.5677571018  
-0.2664808591  
-1.027580296  
1.212199831  
1.530234315  
0.5022852026  
-0.694166471  
3.021804819  
-1.545018111  
-0.09153520478  
-1.551577368  
-0.8159107816  
0.6551105743  
0.7304978531  
0.9326005432  
-1.206272535  
1.462014728  
-0.6295185828  
1.780604972  
-0.3708587295  
-0.4410646708  
0.4271192998  
-0.8644087754  
1.354282288  
0.4769967756  
2.031635812  
-2.210743074  
-0.4856049885  
-1.577602289  
-1.454118952  
0.276021487  
1.736694739  
-2.526613205  
-0.2374651243  
0.9948192617  
0.4533671041  
1.796932478  
-1.291710123  
1.130571513  
0.2327467912  
2.306828696  
-0.5516114099  
0.3417313275  
-2.693766909  
