0.8450204662  
-2.045072197  
-0.3369757247  
-0.6851390689  
-0.8471601095  
-0.8973862393  
0.1909893848  
-0.4756668307  
0.1665899079  
0.2391709039  
0.08628044331  
0.7668461401  
0.8763115883  
1.170012667  
1.690221034  
2.176613176  
1.300960561  
-0.2062521401  
-2.285753486  
-1.838066536  
1.857211185  
0.5329059021  
0.8271662992  
0.2168964676  
-0.7921522876  
-2.132522426  
-0.9380803554  
1.959058655  
-0.4373399731  
1.02397596  
0.9044230561  
1.097976663  
-0.7218132709  
-0.727076297  
0.7093612004  
2.435650197  
2.235509249  
-0.3310352649  
0.6533054796  
0.2572076262  
-1.123570463  
-0.7265167618  
0.5495371105  
2.277584002  
0.8182292856  
0.1235438218  
-1.825417794  
-0.1501206097  
-1.610714822  
-0.7434976975  
1.727122063  
2.194858775  
-0.1269374063  
-0.6129855163  
0.6628838415  
0.9081395111  
1.315267328  
-1.314400281  
-1.344815832  
-1.294818327  
-0.3202617002  
-1.560853491  
-1.601172337  
1.99503481  
0.1612397572  
0.257365565  
-0.896912695  
0.7435422325  
-1.574372028  
-0.4408487369  
-1.23940351  
-0.1764826515  
-0.1762634127  
-2.023078229  
-2.376779998  
0.1623433253  
-0.3125272958  
-1.118475178  
1.61288117  
-0.5196075021  
-0.2935864422  
-1.117790611  
0.9651211151  
0.02966116161  
-0.7875393331  
2.734399431  
1.033635279  
0.162728268  
-1.23379237  
-0.9606881088  
-2.006582736  
-0.4900067517  
-0.2658448806  
1.259459568  
-0.06044225938  
0.03116169643  
0.3971583301  
-1.189990324  
0.04616612171  
1.184109883  
2.147342249  
-0.7390475222  
0.1764676904  
-1.25182883  
-0.1322505485  
-0.113202011  
2.020142232  
0.9952142637  
2.05720639  
-0.8578678808  
-2.199230406  
-1.068271694  
0.9900731496  
0.7186842532  
-0.01217021483  
1.015590093  
-0.1234734412  
-1.059573657  
-1.880178065  
0.9561929131  
-0.1146511793  
1.264137544  
-0.5299876272  
-0.0363938687  
0.1537775546  
0.1337451528  
-0.2752486919  
-1.161669899  
-0.06870017946  
0.1542183205  
-0.6357285073  
-3.095936793  
-0.8849699033  
0.09907430011  
0.07830676991  
-0.827374499  
1.496260495  
0.3493993973  
-0.239658129  
-0.3164287555  
0.02809900277  
0.6088872636  
2.235069643  
2.310570263  
1.187168467  
0.7791609245  
0.2120046645  
1.073206452  
-0.107388543  
2.784528111  
-0.3204580276  
1.395588184  
3.674757721  
1.294588439  
-2.051401374  
-0.1886981562  
1.093345952  
1.452103893  
-0.6469988081  
-1.505743785  
-0.5616802119  
-0.3565869129  
0.2132843786  
-1.041535947  
1.144434734  
0.1438313155  
-0.2535569996  
-1.264428861  
4.875707071  
-0.0197710512  
-1.157474732  
-0.225955673  
-0.424640225  
-2.137431889  
-1.709678615  
-2.600562555  
-1.787202111  
0.8720991066  
0.8552884742  
0.8704049893  
-0.7025972793  
-1.199124726  
-0.9523335872  
-0.3045818675  
-0.7231416085  
0.1878176272  
0.9557749734  
0.8460946932  
2.006307512  
-0.505456471  
1.480652723  
1.043231706  
1.032831155  
-1.663058436  
0.239341974  
-2.34818221  
-2.563569899  
-1.09160991  
-1.327534977  
0.0570884191  
0.8713645793  
-1.710238541  
-1.227182471  
-0.5686164127  
0.1703074479  
1.689190657  
-0.220733732  
2.141466662  
0.01314014225  
-1.069514497  
-1.538287006  
0.8640687835  
0.7197512607  
2.170636517  
3.048830099  
1.356517655  
-0.5406122409  
-0.6325285708  
1.073877921  
-1.585404938  
-0.3727554025  
-0.8852704026  
-0.3046188134  
-1.030677723  
-2.572268815  
-2.128132813  
-1.284769187  
-1.256805868  
-0.5208393192  
0.2181444407  
-0.6180502693  
-1.46024871  
-1.380713205  
0.4775373017  
-0.7015594753  
0.6102719775  
-0.2091618477  
0.9372555779  
1.325496708  
-1.932668467  
-1.078900015  
-0.7322574656  
1.988225064  
0.5078991244  
-0.4507962844  
-1.582661961  
-1.093641917  
-0.2097754041  
1.206969956  
4.394542525  
0.7598775452  
0.4744272282  
0.4354860478  
-0.1733970639  
-1.025683896  
1.636493959  
-0.4347584045  
0.4652463589  
0.6779112867  
-1.308054324  
0.7459920359  
0.3031339596  
1.28250318  
1.208256588  
1.444601886  
-1.243025124  
-0.4151731945  
-1.610919683  
-0.07667028433  
-1.664227987  
0.04587335409  
-0.8957048503  
-0.5421173245  
-0.6037129964  
0.506394409  
1.243012479  
0.6019982313  
1.451760729  
0.5893997723  
1.010983433  
-0.4698115196  
-0.7985762311  
-0.9771052942  
2.132050727  
-0.06715409971  
0.3943383593  
0.7328842038  
-1.390103592  
-0.09333143599  
-0.9859038565  
0.1569481153  
0.5815122975  
2.036076769  
-0.8788994899  
-0.7997571357  
0.9200649834  
-0.03433708544  
-2.38521053  
-0.8350047205  
0.7526419668  
0.3046558475  
2.130799687  
0.2290699349  
-0.8004356944  
-1.759935981  
-1.858028857  
-1.152356875  
0.2939292438  
1.22852326  
0.7706608945  
-0.2974582723  
-2.060712892  
-1.045245246  
0.708523571  
1.333321205  
1.480040356  
1.491961333  
-0.2716933342  
-0.4427158897  
-0.008455640033  
1.643643067  
0.2876345719  
1.744815958  
-0.1633626585  
0.5703694568  
0.6825693037  
0.5104050884  
1.075618348  
1.037070139  
0.447998671  
0.1079894326  
0.971439299  
-0.6237446366  
-0.8361175968  
-1.895613771  
0.7976643851  
-0.1632066211  
-1.60606096  
-0.9414539257  
-0.08234827271  
-0.008573476594  
-1.338431446  
0.9169156692  
0.1616916935  
0.8976869489  
-0.4906647438  
0.0370309748  
-2.109602217  
-1.349808315  
-0.7005693625  
-0.1448966573  
0.4099700964  
-1.461679392  
-1.473047018  
-0.9219826897  
2.101498101  
-0.2058830557  
0.7643063478  
0.8252240123  
1.514566057  
-0.3244809916  
-0.8305776472  
-1.147659623  
-0.9730341792  
-1.023857914  
-0.2168949873  
-0.2411538822  
-1.882027826  
-2.323604249  
-0.6988991379  
0.6843523792  
-0.1761854177  
2.19695454  
1.103356087  
1.398090492  
0.2544051441  
1.544557299  
0.2122559196  
2.238686615  
2.602251242  
0.2323305813  
-0.05658535544  
0.7147552493  
-0.7129121707  
-1.962893792  
0.7573815251  
0.5827612881  
0.5676791735  
-0.4509778382  
0.9191804832  
-1.816634022  
-1.674356539  
-1.022506938  
-0.06191579489  
0.4554759637  
-0.364918013  
0.2713174258  
-1.654561967  
-1.092135427  
-1.786036995  
-0.06406281296  
0.4477880609  
0.9248238277  
-1.006823306  
-0.3379646395  
-0.4990364709  
-0.03366001881  
0.6704643333  
1.455789591  
1.763570478  
-1.553049478  
-0.438471345  
-0.7097059114  
0.6182092873  
0.6032561866  
1.715494447  
0.107686214  
1.411315337  
0.2444331204  
0.2603204511  
1.631231188  
0.4000058035  
2.799560074  
-1.118990939  
0.01211054657  
-0.3216810867  
0.1240876665  
0.2548638075  
-0.1763595554  
-1.135364533  
-1.300139327  
-0.7979674382  
-1.777095271  
0.5290139646  
-0.145875274  
0.7744959863  
0.0747889991  
2.760245248  
0.414558759  
0.2847424178  
-1.224710392  
-0.3318345411  
-0.2612294819  
-0.01304449799  
0.9872929338  
-1.073594794  
-0.2368513256  
-1.420439319  
-0.7122354336  
-1.289568533  
1.650741359  
-0.2054996603  
1.121848107  
0.1641161011  
-1.657568562  
-0.6347916096  
0.865629773  
1.024113947  
0.3749666332  
1.530293794  
-0.6395971907  
-1.685924393  
0.5421066552  
2.197779603  
0.7298344887  
0.3283130965  
1.56825621  
-0.02179396195  
0.763729477  
0.9850809741  
1.610338674  
-0.4793205348  
0.07830939117  
1.204862185  
-2.458762258  
-2.983265027  
-0.1333407139  
-0.5940122963  
-0.332958342  
-0.46513871  
-2.365415502  
-1.206777497  
-1.818089369  
-0.7904518271  
-1.152828884  
0.7400146197  
0.2456758431  
0.2437519349  
-0.7587169  
-0.2782450936  
-0.6729688151  
1.455788064  
0.03227586024  
0.4593535566  
1.646849048  
-0.09015887452  
0.5267682932  
-1.030780428  
2.051345809  
1.019209477  
1.35251931  
-1.217162426  
-1.716391917  
-0.6107153496  
-0.9645569194  
-0.4100750987  
-0.09701127064  
0.9484117679  
-0.5020341731  
1.984962668  
-0.505077113  
-0.06162596908  
0.7589472533  
1.277403403  
1.194810344  
1.654854506  
-1.233614808  
-1.977254044  
1.172519097  
-0.2448746157  
1.374478907  
1.132323297  
2.29648742  
-0.8544834428  
-1.249112734  
-4.240305896  
-0.4194295903  
0.0946127302  
2.150216923  
0.1801686016  
-1.488750416  
-1.73334699  
-1.41336883  
-0.6904003344  
0.3542893378  
-0.3017699431  
0.7239336167  
-0.4890148734  
0.5714606885  
1.748662616  
1.110467916  
-1.151245908  
0.0928786121  
2.488026079  
-0.08549043561  
1.874588185  
-1.261348481  
0.1114319276  
-0.5994494656  
0.2922847988  
-0.7239377741  
0.04048803218  
-1.66398815  
-1.411578936  
0.4633633643  
-0.4203619783  
1.794158715  
-1.121041519  
1.224120709  
-1.427218622  
-0.5160385422  
-0.4524049248  
-1.440416015  
1.212545314  
2.928363194  
3.658422112  
-0.7699423958  
0.2287867992  
-1.386497255  
-1.397905239  
-1.089955331  
0.2584445277  
1.512218491  
-0.1673332676  
0.7484358699  
-0.5255593072  
0.6713884646  
-0.8892708643  
2.221801268  
0.2121817494  
-1.24732626  
-3.062381445  
-2.798205427  
-0.4330570565  
1.715583954  
1.995363885  
0.1950756093  
0.2987163444  
-0.9423110587  
1.166461704  
