-0.6085932868  
-0.4976318029  
-0.6350540889  
0.2058521454  
0.7753927467  
-0.2406171743  
0.800697474  
0.9958927998  
1.422056299  
-0.8302127985  
-0.01889307412  
0.03728214685  
0.9536087577  
-0.0385970919  
-1.033258409  
0.9409592985  
-0.6185877443  
0.394597146  
-0.3575054092  
-0.468351611  
-1.361088105  
-1.670747523  
-0.7385326968  
-0.2219302695  
-0.4790885776  
-0.4421333129  
0.6408416372  
0.1518815092  
0.1320655872  
1.019974038  
0.5185391239  
1.748694862  
-0.7274020005  
1.308832178  
1.217511498  
0.9123736187  
0.7409029947  
1.476503302  
1.177975349  
0.8312185475  
2.143097769  
-0.5348771183  
0.5857553978  
-0.7126639538  
0.5673325689  
-1.464497978  
-0.9134934107  
-0.0504545411  
1.39988488  
0.2089024635  
-1.574618032  
0.6045660253  
0.9941032981  
-0.2724233068  
0.2337353523  
1.105184051  
0.8872594002  
-0.3307465574  
-0.4518210491  
-1.429364357  
-0.6035577611  
-1.462523048  
0.9506971307  
1.15552468  
-0.1494627224  
-1.201202264  
-0.6016961778  
-0.9504663988  
-1.297311307  
0.7845494209  
0.3227575891  
0.1043177721  
-1.863292369  
-0.1745540405  
-0.7423750349  
-0.8429948693  
-0.9130704652  
-0.03212490693  
1.056589965  
0.8294327984  
-0.140959075  
-0.8255637134  
0.233878758  
-0.4673044098  
0.5492343025  
1.441069949  
0.02718078083  
-2.130577566  
0.4673856323  
0.4398669171  
-1.576480557  
0.3566979601  
0.1121622787  
-1.037398743  
-1.6001182  
0.9706452304  
-0.5065356093  
0.5566259698  
-1.16072458  
1.061427016  
1.943675984  
-0.9657028071  
-0.9434975481  
-0.7142046652  
0.3576801672  
-0.4710996506  
1.381210375  
0.6004668884  
-0.7192958103  
-0.8538778565  
1.039446481  
-1.807692092  
-1.643035071  
-0.4483145938  
-0.7814244239  
-1.226748822  
-1.382963453  
-0.9095017338  
0.1490561394  
0.9762296324  
0.348537051  
2.619319191  
1.442867715  
1.3168766  
0.2791897072  
2.342589281  
1.83214793  
2.314575747  
-0.4002938707  
0.6715547582  
-0.8252245051  
0.3566862918  
0.04484800907  
0.3214218894  
1.374260872  
0.5514860984  
0.1770436581  
-0.8908818537  
1.049388731  
0.8234984307  
2.166512603  
2.343683846  
2.790359657  
1.229872993  
-0.485830082  
-1.455858025  
0.1200887699  
-0.2701297104  
-0.8506159517  
1.654860008  
0.141462862  
-1.5740268  
-1.088896702  
-1.068809259  
-1.347406448  
-2.813308259  
-2.077315414  
-0.7837391392  
-3.836539116  
-2.770225206  
-1.865020304  
0.1822586336  
0.01140657148  
-0.1982777095  
-0.3580955282  
-0.7489690925  
-0.03340650063  
-0.7817876164  
3.302010046  
0.9399347952  
0.8272206244  
0.1413636146  
0.6791916236  
-2.418200798  
-2.622659157  
-0.6258834906  
0.3580154866  
-1.672900022  
-1.06651225  
-0.3653711342  
-0.856756871  
0.09174205108  
1.20841218  
2.21489291  
1.018192928  
0.2838617175  
1.819557381  
1.981047299  
1.70590118  
1.622621635  
2.151363413  
1.449146713  
-1.270586761  
-0.9593328261  
-0.7883872426  
-1.542812227  
-0.8694834873  
0.2576451554  
1.136246155  
0.551892672  
0.9471225084  
-0.5971415332  
-0.9105073925  
-2.063851478  
1.180713672  
0.3216014501  
0.841994841  
1.344076627  
0.2723395323  
0.2156657358  
-0.5498816757  
-0.312398764  
1.048580095  
-0.5385007771  
-0.9523456647  
-0.9997034016  
-2.447836397  
-2.855277557  
-2.631323094  
-1.238839091  
-3.431668645  
-3.140478336  
0.8011450607  
-0.7967324883  
-0.1807713214  
0.04213915196  
2.197796879  
0.01707699347  
-1.630586534  
0.09035168162  
-0.5586842395  
-1.373054275  
1.028174542  
2.556643355  
1.349443578  
0.4923186979  
0.9393453724  
2.401626181  
-0.4297264045  
0.1426197988  
0.6638709032  
0.9805192242  
2.109119307  
0.9120941279  
-0.1333541624  
0.5254866897  
0.3606081979  
0.4269879433  
0.7298021526  
-1.296768578  
-0.02542188534  
-0.4667266328  
-1.417927017  
0.3269564598  
-0.2478575  
1.427928795  
0.4122064614  
0.237712613  
0.195058217  
-0.6620932308  
-2.19590942  
0.5398634149  
1.177096841  
-1.214998499  
-2.607217585  
-1.097699892  
-1.13187788  
0.2012844992  
1.735248837  
0.6689043104  
1.04510356  
0.588397918  
0.6822633041  
1.16505767  
-0.7364113543  
1.817439034  
0.409708945  
-0.4435536043  
0.01469715472  
0.9979967186  
-0.3441252879  
0.5221760901  
-0.2751694396  
1.639727215  
0.08629524671  
-1.513547698  
-0.8485709981  
-0.3531396137  
-1.055153191  
-0.3981812456  
1.284701862  
1.066166527  
1.355062187  
-0.6871197994  
-1.538145181  
0.8249862518  
0.6169314075  
-1.616956855  
-0.6389948219  
-0.356643414  
-0.2708546843  
-0.7043092183  
0.2723983713  
-0.242199042  
0.2558243696  
0.6340455917  
-0.7208197207  
1.440520613  
0.523023977  
0.2575516837  
-0.0493470309  
0.6933640971  
0.7163586413  
1.132772987  
1.308121515  
-0.05030368807  
-1.269627974  
-1.067983269  
-0.6529765568  
-0.4825631467  
0.8478235739  
-0.3470290551  
-0.1989751778  
-0.2055665688  
0.2867745199  
-0.425081489  
0.02979837856  
-0.5707522316  
0.2531285875  
-0.8334133185  
-0.4127056519  
0.3178055879  
-0.5356051224  
-1.339302397  
-0.647346241  
1.119190566  
0.8680632091  
0.2253992921  
-0.6560850632  
-0.8314827296  
-1.041178493  
0.4599383542  
2.20850096  
1.449089967  
-0.6712507935  
0.787162157  
0.7673024558  
-0.2374501586  
-0.3954288304  
0.9042306412  
0.8163134382  
-3.707450728  
-0.2501255478  
0.1778423545  
-1.370589438  
-0.2981512781  
1.17195929  
-0.6650730577  
0.09541015074  
1.505025799  
0.695721468  
-0.4482403468  
-1.486069601  
0.3836421468  
-1.513429594  
-2.338777251  
-2.113427864  
0.4058518597  
-1.013725001  
-0.1904705322  
1.681904042  
0.7076865449  
0.2431077567  
-0.0001167800209  
0.3143358211  
0.2306654048  
1.436834439  
1.999914987  
1.642619168  
0.5870022626  
1.760452834  
0.2371309142  
1.16201485  
0.1802913218  
0.2360209993  
0.6703604519  
-1.127839845  
-1.853461322  
-1.35149618  
-0.2874775419  
-0.1151175346  
1.336088851  
-0.3381094699  
-1.260477204  
-0.7296857643  
-0.4183021474  
-0.8324938622  
-0.5293777247  
-0.5070837167  
1.255290868  
-0.448906497  
-1.245762161  
0.3582242609  
-0.9598839133  
-0.6909190614  
-0.6173141475  
1.107368695  
-1.812473974  
0.1685553354  
1.382608667  
-0.5043938346  
-0.9841131441  
0.3662067061  
1.197737789  
1.397961941  
0.4957931644  
0.424260668  
-0.7002550574  
-0.7056970068  
0.9510539558  
-0.8278659019  
0.7455616833  
0.5738730308  
0.53164213  
0.9114775577  
0.5910146556  
0.1041325269  
-0.5365972063  
1.126899327  
-0.1814905997  
0.1158881861  
-0.09606214827  
0.1658237868  
-0.8977936181  
1.590755539  
-0.1948584924  
-0.6703536458  
0.2583282079  
-0.2225743675  
-1.447116731  
-2.869156356  
1.446451338  
1.551557575  
0.4748769177  
-0.3016638949  
-0.4624925102  
-0.3872843496  
0.03696896508  
1.547945619  
1.544102366  
0.06893692901  
-0.09245554236  
0.8212794009  
1.21793286  
0.6322932856  
-0.9425940298  
1.350540074  
0.6572493032  
-2.360599721  
0.3869954027  
-0.9735426188  
-0.9469216673  
-1.379100392  
0.2751887937  
0.6603504346  
-1.00461325  
-0.0712748378  
0.9130428486  
0.4179755362  
-1.385039938  
2.402947902  
0.1279816982  
-0.7067657318  
0.01637819327  
1.503697169  
-1.238186156  
-0.4597513785  
0.02507767494  
-0.4623003808  
-2.097152648  
-2.389544555  
-2.081231394  
-1.696011056  
-1.58881027  
-0.7086987297  
0.5724206927  
0.6677110763  
0.5061883547  
0.6021983141  
0.7619702691  
-0.2497632408  
1.477340566  
0.7478446706  
-0.2183498802  
0.08823327258  
0.9494887223  
-0.7404657295  
-0.6877485284  
2.505519199  
1.702948827  
0.08924063614  
0.930034445  
-0.3531396132  
-0.8706316722  
0.2801277261  
1.559270681  
1.688647236  
-0.1211879847  
0.1654363227  
0.3691878098  
-0.6348279311  
-0.5744570758  
0.3942034367  
1.354512989  
-0.7920228522  
0.5562829435  
0.4575318806  
-0.3106852247  
-1.994985557  
-1.257220693  
-0.7970307925  
-0.99355819  
-0.5409303311  
-0.8097826596  
-0.1571784614  
-0.6512695363  
0.3293943909  
0.6134859292  
-0.5734803073  
-0.9419162769  
-0.2159322154  
-0.04140475494  
1.547690878  
1.204485398  
2.749290367  
0.8666843617  
-1.329983268  
-0.155107509  
1.031689294  
-1.312506051  
0.1679887059  
2.28297312  
1.231588296  
-1.345470927  
-0.6186845341  
-0.5363315293  
1.015706548  
0.6959791543  
-0.5413568123  
0.619368095  
-0.676196435  
0.2140612018  
-0.6994455002  
-1.2112166  
-1.271017312  
1.298564133  
-0.3385885959  
-2.191300099  
-0.06736362213  
0.3676982231  
1.292085989  
-0.3832980998  
0.6745533598  
-0.136606919  
-0.4383029405  
-0.5336887626  
-1.325673468  
-0.8425676517  
1.475928106  
0.7370241757  
0.5904599258  
0.842605899  
-0.008066574382  
-1.049171987  
0.6736974962  
-0.4599167159  
1.739511443  
1.403184475  
-0.4916623958  
-0.5513959645  
1.482483696  
-2.302871831  
-0.8985942956  
1.804240715  
-0.9786872912  
-0.1956272402  
0.8474364416  
-0.6373012665  
-1.16334704  
0.7830099714  
