-1.333314709  
-2.290507893  
-1.204004559  
-0.6009195667  
1.821261778  
-0.7391342527  
-0.02818603017  
0.3313791215  
1.867924092  
-0.6591882895  
-0.2783273839  
0.4213297656  
0.5846013048  
1.118517487  
-1.103701032  
0.8040571384  
-0.4611509241  
0.841063164  
0.6273358262  
-0.5970121464  
0.09033002858  
1.852814735  
1.946127112  
-0.5189490319  
0.7623211221  
-0.003749466818  
-0.9752492573  
-1.290848114  
-0.1924784684  
1.600373387  
-0.8248607507  
-0.6245530259  
0.2925628283  
0.9753446676  
0.6517964658  
0.3997026981  
-0.4416296496  
0.2695950727  
1.637481213  
1.164270634  
2.347062127  
1.284237952  
2.398294254  
1.19962888  
-0.3935372131  
-0.8001216715  
-1.931475352  
0.1224825534  
2.338653597  
2.47618956  
-1.109546034  
0.446529708  
-1.17002719  
-1.278782963  
-0.6270567207  
0.4170800484  
0.9648430804  
-0.829356124  
0.5130259551  
-2.368955348  
-1.86607614  
-2.187492478  
-1.055676178  
-1.317032259  
-0.3985477637  
0.6682552568  
-1.543453461  
-1.205944552  
-0.1632979994  
1.733640968  
-0.718842949  
-0.2036733544  
0.6962877401  
1.689458302  
-2.659154015  
-0.3466649813  
-0.695755208  
-1.749882587  
-2.355790063  
-0.3372326673  
0.6308754504  
-2.643807486  
-0.285066451  
1.482459417  
2.77459033  
1.275136788  
0.7017098328  
-1.514161377  
0.6653005209  
0.1670927096  
-0.3223640397  
1.038323996  
2.087702364  
1.889301157  
0.3499300444  
0.4185106246  
-0.09476617915  
1.474912317  
0.5245832085  
-0.5927826512  
-1.087942149  
0.07033608806  
-0.05542744543  
-1.725063595  
-0.7149354948  
-1.817721609  
0.464155365  
-0.8890218556  
-0.1422737397  
-0.6479868223  
1.653213924  
-2.345203527  
2.265445978  
2.452071408  
0.5533417512  
-3.653078502  
-0.3739887753  
1.013330854  
-1.31812615  
3.202208784  
1.708654245  
1.495089115  
0.2816930571  
0.8674749426  
-0.1216452439  
-1.528416618  
-2.12163262  
1.107302049  
-0.4309510075  
-1.390856818  
-0.74717242  
-0.2149445605  
-3.339929583  
-0.1663437284  
1.28932123  
0.8099808962  
-0.4328650698  
0.4807898297  
1.521977126  
-0.579340678  
1.722538112  
-0.3625640703  
2.193724183  
-1.59577327  
0.6877978207  
-1.398920293  
-0.9801339514  
-0.4496118774  
0.8252610333  
-1.079826175  
0.5368943411  
0.3962870797  
2.624009981  
-2.073021043  
-1.325951765  
-1.382293173  
-0.9525069708  
3.162077964  
0.5850735157  
0.6262528174  
-1.608889183  
0.07693722446  
-2.178480415  
0.003618640292  
-0.4187522504  
0.3187041738  
0.5556302902  
0.1776311349  
3.807926209  
0.2751548251  
1.957762731  
-1.046180554  
-0.4798982764  
0.04475759641  
0.9534689498  
-0.7002271253  
0.4026821902  
2.164647304  
-0.2596311132  
0.8871027471  
-0.8254155745  
1.129033344  
-2.130782033  
1.968050568  
-0.01930439799  
-0.4006183368  
-2.485357734  
-0.04352828995  
-2.51678539  
-0.1451077735  
-2.946275685  
-0.9603140131  
0.6711781205  
-0.2877663658  
-1.368805309  
-0.2111141771  
3.04061792  
1.11191045  
0.9445542958  
1.425994996  
3.115657152  
-0.149083222  
-1.39475256  
-2.27751924  
-1.737380485  
-2.362544755  
0.3127580445  
-0.4738183517  
-0.7837986319  
0.2440044532  
0.655670246  
1.794639576  
-0.3822203802  
-0.4312322652  
-0.2999374114  
-0.8042791521  
-2.238995828  
-1.846195272  
-2.283716237  
0.6066920388  
1.195032475  
0.350677232  
1.299550985  
0.1976676895  
0.2809893888  
0.171921789  
3.009901848  
2.199914482  
0.7382328569  
-2.685108851  
-1.644123569  
0.1833301527  
-1.031334504  
2.302063172  
1.564149996  
1.698538503  
-2.040926092  
-1.778943917  
-2.307560487  
-1.005312276  
0.896163041  
0.1377639186  
0.7656716616  
1.335899859  
2.322923245  
-0.04094374365  
-0.8424000684  
-2.841385039  
-0.5526858092  
-0.8037088556  
0.3916948698  
-0.07498755369  
-1.009598511  
1.283698618  
-0.08168665904  
0.1899727935  
1.126061738  
2.896145938  
-0.5057248722  
-1.074311569  
-1.266558173  
0.5828931394  
-0.4143613727  
-0.3292897753  
-2.041201166  
-0.5447834514  
0.4874336631  
-0.5097427483  
0.8175104483  
-0.01788183801  
2.399229437  
0.9223426803  
2.615277824  
0.1461213718  
0.1682572905  
-0.639448549  
-0.4531394589  
-3.251063035  
-1.124228641  
1.170119377  
-0.2814853728  
1.519424986  
-0.9759371258  
0.8893024181  
1.341724146  
1.120881106  
0.1458174824  
-1.187981332  
-4.228741976  
-0.3164015583  
1.829551494  
-0.4052150758  
1.371194262  
0.3671285822  
0.6749163629  
-0.4625680869  
0.03128704815  
-2.66315206  
1.191352068  
-1.16531282  
-1.531216843  
-0.3351662722  
-0.8302818753  
1.05217561  
0.03012187674  
2.395483619  
0.2534459616  
1.777646432  
0.7913275723  
2.760080111  
1.435732127  
0.5809475519  
0.0741977364  
2.782827005  
-2.116678525  
-1.084380209  
-2.808755062  
-0.7123252002  
-4.134078985  
-0.6974840272  
1.703157416  
0.4937606432  
2.305809037  
0.145629502  
1.08766585  
-1.006527417  
1.618876662  
-0.4432650526  
-0.2909918714  
-0.1758422579  
0.1764992897  
-3.574891951  
-0.5916175664  
0.9535854669  
0.0535173702  
1.13692201  
-1.405792619  
0.9946601945  
-1.413910071  
-0.9323687889  
-1.431609725  
-0.3753325989  
-0.8307374204  
0.2907632505  
1.734467189  
-3.261533611  
0.7321336797  
0.5172599757  
3.12931312  
1.282606909  
2.697148499  
-0.183176819  
-1.767162972  
-2.82325557  
-1.697678035  
-3.494678693  
-0.1018727191  
0.8145753693  
0.09709784059  
1.724070671  
-0.7814002042  
1.618178596  
2.046622006  
2.731175708  
-0.1421979594  
-2.685041312  
-1.371649638  
-0.239717175  
-3.44721795  
-0.2104865206  
0.2299121501  
1.434519849  
-0.4326008768  
-0.4290725816  
0.7222661722  
-0.8265099869  
0.8849293181  
1.625919549  
3.385905842  
1.383383245  
3.226657969  
-0.3029443916  
0.183989489  
0.1246319244  
1.090815382  
-1.331859392  
-1.662839115  
-0.2701893037  
-3.334724009  
-0.7451469505  
-0.5876757811  
1.957898898  
-1.860882039  
0.3118503086  
-2.14497474  
-1.695544943  
-0.9315114707  
0.4580332113  
0.5560425786  
1.017597624  
1.645358952  
0.3863938859  
0.5530139074  
-0.7442800224  
-1.22177222  
-0.2451941  
0.8719603547  
0.05585375375  
0.1282704423  
-2.104884146  
0.1780854437  
0.2978517179  
1.21458105  
2.449125609  
-1.21818536  
2.176278265  
0.537299213  
0.8923525002  
-1.632669097  
1.100377496  
-0.3909147947  
-2.221835998  
-1.556629684  
-0.3079227842  
-0.9764187473  
-0.3231106058  
1.613843739  
1.474445931  
2.08306497  
0.5480396426  
0.2131180842  
-1.886984749  
-1.884604766  
-2.976843891  
0.7630429481  
0.1406273734  
-1.914894221  
1.91311681  
-0.08459375583  
2.048099298  
0.5158037103  
1.963891869  
-0.8031445198  
-1.484054229  
-1.758435604  
0.868834051  
-2.798760924  
-1.241276221  
1.959311494  
-1.751534603  
1.476537073  
2.542420263  
0.9892143191  
-0.4092213396  
1.612922692  
-1.328094085  
0.8176349102  
0.4405927233  
-0.537559699  
0.907984708  
0.4417241674  
2.408660878  
-0.2046717111  
0.2687256884  
-0.9969015404  
0.5086023885  
-0.9069397032  
0.4950773433  
1.592746876  
0.2113160764  
2.197526374  
0.2307785647  
-0.4231533138  
-0.4604602921  
0.6298183286  
-1.625942649  
0.7804105091  
-0.9367373243  
-0.2892382776  
-1.098634154  
-0.7519907027  
-4.849094021  
-1.424025053  
0.8090831203  
0.4391364621  
1.044520765  
0.1384918843  
2.04691493  
-0.06955516055  
2.107717467  
-0.9254009647  
-0.4873217422  
-0.002915087189  
1.40177935  
-2.554653187  
-0.6712225831  
-2.215576994  
-1.346054922  
0.5542892469  
0.9167001639  
0.04648560749  
-1.280123865  
1.873805118  
-0.4439082722  
1.864937224  
-1.247036098  
0.5190452614  
-1.017418088  
-2.016454922  
-1.688877923  
0.8762999198  
1.567059051  
0.9398221593  
2.106367903  
0.6504064788  
-0.9879310513  
0.1328552832  
0.3626805729  
-3.055151321  
0.3547856449  
0.698798721  
0.559696796  
0.2366733629  
-0.183653089  
-0.8939766249  
-0.1548500138  
0.9733229443  
-2.638174521  
-0.6370163484  
-0.5171958959  
0.8732577984  
-0.8267799126  
2.36762384  
-0.4345234721  
3.057290055  
2.32628672  
3.658379152  
1.239494634  
0.5859735069  
-1.897798407  
-0.03027054347  
-0.5657906316  
-1.095892345  
-3.604885276  
-0.2746304707  
-2.915927991  
-0.8620834467  
1.17617142  
0.2627246979  
2.729270057  
1.450302456  
2.529329569  
-0.6817029829  
-0.9958659039  
-0.7013279384  
-0.2618334035  
-2.959852488  
-0.6457167209  
0.01193517489  
-0.470087197  
1.292854729  
1.226990968  
3.351186005  
-0.2325210481  
-0.1491541848  
-1.93242648  
-0.9832426559  
0.7276624629  
1.437528459  
2.30938061  
-1.056676321  
-0.164599765  
-2.558031346  
-0.3821512059  
0.4365848669  
0.6604788322  
1.951159886  
1.479166284  
0.7229644237  
0.7374194672  
0.9573961534  
-0.4395005952  
0.9075462532  
1.024938918  
2.052763805  
-1.314708132  
-0.08961963789  
-3.156024274  
-0.4364349469  
-3.042978152  
