-2.549019715  
-1.875438407  
-0.5038869302  
-0.1349092729  
-0.1548203609  
0.5138736558  
1.638737788  
1.663566271  
2.154579115  
2.817736816  
2.433991283  
2.285523434  
1.395572764  
-0.09891466802  
-2.279201385  
-0.6751590894  
-0.2043627699  
0.09982778642  
-2.214991063  
-3.085106855  
-2.297995778  
-2.886982854  
-2.065604572  
-0.6393295455  
1.038589168  
0.7129235452  
0.7868455214  
1.586074011  
-0.1184608678  
1.01883524  
1.916403636  
3.920320262  
2.695253587  
3.442441652  
0.6068754155  
-2.447980529  
-2.968670916  
-4.210495677  
-1.467115254  
-0.2440596655  
1.871935132  
1.053873549  
0.9740450964  
-0.2579896837  
-1.259500008  
-1.113267823  
0.825751355  
3.189788769  
3.754719431  
4.789998349  
2.537709965  
2.627183655  
1.877401306  
-0.57131025  
-0.3754885163  
-1.768885641  
-1.676137988  
-2.033582678  
-2.443996136  
-1.433548414  
-1.285814726  
-1.090711233  
-1.411065773  
-1.240745832  
-1.564670197  
-0.7109615371  
-1.052782054  
0.7876137856  
2.212084653  
3.082887146  
1.615480276  
2.53204367  
2.235874674  
0.4357012476  
-0.9550881207  
-2.155304883  
-2.542295369  
-3.677514882  
-2.271081072  
-1.677396576  
-1.485651689  
-2.1758553  
-1.281441637  
-0.7958894538  
-1.893100262  
-0.790423222  
-1.157931488  
0.6309877241  
1.705633079  
4.016538776  
2.644499016  
2.81132616  
0.7567276187  
1.179054664  
-0.5177906825  
-1.364479288  
-1.08958087  
-0.7834857641  
-0.7359225713  
-0.08096473248  
1.821596845  
-1.010779177  
0.09592052695  
-2.419649598  
-1.151466853  
-1.4987073  
-1.45452137  
-2.154305502  
-0.7937826743  
1.146655575  
2.037768799  
2.710170661  
2.207422234  
1.388193355  
-1.135178681  
-0.2582828427  
-1.588356866  
-1.300914118  
-0.3099156283  
2.472215969  
1.622142759  
3.938037196  
3.763078978  
2.985862985  
-0.7106880561  
-2.106902685  
-1.623140603  
-1.409313371  
-1.451039174  
-3.83049881  
-2.642948236  
-3.406514541  
-2.145178091  
-2.581691009  
-0.3002691766  
-1.23718205  
0.5021040621  
0.7026953685  
3.148560096  
4.103696889  
3.488387831  
4.35441726  
1.841034904  
4.156105759  
2.855128576  
3.876261778  
3.83430312  
5.115389311  
0.7941806192  
-0.3397199203  
-1.523734352  
-0.5940389034  
-1.133412481  
0.2088149847  
1.361653105  
2.707314832  
1.183903608  
-1.010068473  
-0.9310533382  
-1.693629673  
-0.6670132462  
-3.172628121  
-3.590146987  
-4.87725987  
-2.282397308  
-1.813807166  
-0.1314299327  
1.051827265  
1.911442216  
-0.56411806  
2.663805098  
1.25267234  
1.457919119  
0.8705250272  
-0.7340362906  
0.03408498473  
-2.551203987  
-2.522246763  
-3.284083393  
-2.500743501  
-3.63620319  
-2.297963835  
-0.6607796116  
-2.205805921  
-1.449534545  
-1.751355205  
-0.3129316619  
-0.01176305731  
2.834708045  
1.874437382  
2.628515351  
-1.569037808  
-0.9372881845  
-2.762551367  
0.6603135465  
0.2970702365  
1.059389211  
-1.891427133  
-0.6858182607  
1.761389764  
2.209159395  
3.658499364  
1.872043486  
1.157018382  
-0.1388077294  
3.309106328  
2.471816081  
1.25083419  
0.02254225492  
-0.02803962246  
-2.145541728  
-0.9182846595  
-0.3018750139  
-1.60572014  
1.909069117  
-1.322733144  
0.4979641092  
-0.2854276109  
2.642068941  
1.861439811  
2.971140477  
0.1671016834  
-0.4530158745  
-1.673058374  
-0.5785715272  
-0.4725238435  
-1.938360467  
-1.254106101  
-3.056928195  
-2.829301276  
-4.328986182  
-2.442916935  
-1.967594778  
-1.437513014  
-0.8203925285  
0.2951321593  
-1.044462452  
-2.033636237  
-0.04796971123  
-0.6754419155  
1.943775395  
1.082240531  
1.26461094  
-1.221006861  
0.2343432491  
2.512048353  
1.733272316  
2.041706015  
-1.802588257  
0.3606827152  
-1.481000969  
-1.445860565  
-2.334848956  
-0.6354257803  
-1.176284381  
0.3328576811  
-1.31821066  
-1.973756395  
-1.08842095  
1.291356323  
2.335517078  
2.693375375  
4.249883885  
2.845499828  
4.946785036  
2.586018854  
1.146997282  
-1.289850123  
-0.9004770892  
-2.976653433  
-2.241249264  
-0.3482596756  
-2.210776905  
-2.126380443  
-2.51088365  
0.548572912  
-0.511341191  
1.944017234  
-0.7088437405  
-0.2433962847  
1.182291423  
3.477862246  
1.377791687  
2.45166148  
-0.2599830582  
-2.275670561  
-0.7897922016  
-1.463804793  
0.1129131918  
-0.1010810372  
1.635402979  
0.1774978628  
0.1519033313  
-1.073748904  
0.151657075  
-2.956946004  
-2.936200133  
-0.3754793384  
-1.092315931  
0.2115685949  
-1.114107882  
0.7071669106  
-1.42753828  
1.161284151  
1.006091514  
2.773902736  
1.353532132  
2.792680053  
4.20925569  
3.426087326  
1.885658807  
1.528971098  
1.683621238  
-0.6380681891  
0.4613855929  
-0.6718618648  
-0.6368357917  
-3.272749481  
-1.493822684  
-3.704170157  
-1.385536358  
-2.370306692  
-1.371536813  
-2.585722952  
0.02299326265  
1.247439384  
1.597488949  
1.283823446  
0.1775819794  
1.862502484  
-1.494526793  
0.4621190891  
0.3203630015  
1.19459749  
-2.379337562  
-1.41333332  
-2.354929076  
-2.554110517  
-2.558479801  
-2.484471981  
0.1876916084  
-1.34761293  
1.918743373  
1.260901198  
3.097379783  
-0.008904018154  
0.231543272  
1.45021582  
0.1834496209  
-0.7874722396  
-0.9463284592  
0.4375046245  
-0.9908956585  
2.108650689  
0.1853552327  
3.007990316  
2.636862072  
3.208923413  
-0.8174126443  
-2.128968408  
-3.204990661  
-0.5578658663  
-1.752011048  
-2.291840531  
-0.391059799  
-1.674402857  
-0.1310039161  
0.3891937364  
2.121170014  
2.583912144  
3.740853917  
0.5564087777  
2.45505272  
0.9018648632  
0.5312395382  
-1.895761823  
-1.187780552  
-1.280572381  
-0.2944954671  
-0.6944146601  
-0.5314540073  
-0.6290656473  
-0.712724635  
1.389870107  
-1.148195511  
-0.651663107  
-1.915888822  
0.8849533051  
-0.8815471155  
-0.9416053234  
1.115820422  
-0.06531348118  
-1.295463745  
-2.661579703  
-0.6250800934  
-1.041795362  
1.640417369  
-0.2291182975  
-0.4724131722  
-2.163680451  
-0.1737012872  
-1.969984546  
0.05364924499  
-0.0220518704  
0.1741627092  
1.389299853  
0.6831276956  
1.278372896  
-0.1397549941  
2.226715089  
1.36663571  
3.230609024  
2.877785948  
3.531060465  
0.6424505244  
1.144802819  
-1.676848269  
-0.867471618  
-0.5494569486  
-1.252744053  
-0.5689060518  
-3.62326878  
-1.169958472  
-2.299235813  
-1.149422042  
-0.5266371437  
1.325312234  
-1.594791737  
-1.60038494  
-0.2959100251  
-1.553044753  
-0.6841153769  
-1.475574087  
2.797213951  
0.9544279827  
2.434794809  
2.321187622  
3.421992318  
0.008070448701  
1.584673165  
0.3592364533  
-0.1104461058  
-0.08871289672  
-1.635884986  
-1.02054834  
-1.566033832  
1.545971518  
0.9634376579  
2.762633998  
1.272433394  
0.8383777826  
0.6975329317  
1.940786664  
1.396002551  
-0.1480349011  
-0.2560662015  
-1.916589763  
0.6251768588  
-1.357161615  
0.135794477  
-0.1362060217  
-0.9473051804  
-0.2890215181  
-1.814959803  
-1.053474166  
-3.382433108  
0.5011807732  
-0.2991159939  
0.3483001248  
-2.17286809  
-0.07675373991  
-0.72382621  
0.5178985413  
2.303547789  
1.211211543  
3.978131882  
1.347025527  
0.6602963981  
-1.477327908  
-1.258557237  
-2.894636332  
1.027766464  
0.01171199803  
1.209478813  
-1.283274151  
1.99634896  
-1.15544036  
0.02361030739  
1.630408091  
2.074353435  
1.772208139  
-0.237214812  
2.493100748  
-0.165337953  
-0.6535010752  
-2.442271606  
-1.542999182  
-1.723801319  
0.5631605473  
-1.059187763  
1.376991819  
1.412032296  
-0.7340020332  
1.13524821  
0.08964254585  
-1.077509816  
-2.256159938  
-1.281147097  
-3.664549481  
-0.8756750378  
-1.353882677  
0.5008951686  
-0.3503994806  
1.733609621  
-0.2189881403  
-0.0228062827  
1.54518133  
0.7591447335  
3.079089764  
0.6336975998  
1.007974935  
-0.2536588718  
2.304543108  
-1.039940151  
-0.5854373016  
-2.374781105  
-1.08964632  
-1.933141918  
-0.09192577992  
-1.8408684  
-1.858914305  
-0.4564118701  
1.038621833  
1.043562426  
1.73412507  
1.568083756  
0.8292234842  
-0.6563919017  
-1.407658418  
0.4151383364  
-0.2752517009  
1.5339978  
-0.9483830753  
1.067442492  
0.2044074802  
3.404805989  
2.83603585  
3.667838867  
0.3264319853  
-0.8962546265  
-3.110634331  
-2.965022111  
-1.514754138  
-0.3587023853  
0.2587362476  
-2.294136747  
-0.5259191438  
-2.339962499  
0.6338000469  
-0.07677777717  
1.673494979  
2.995293131  
2.992296214  
3.251134014  
1.057508453  
0.6128301671  
-3.370648126  
-0.4444614168  
-1.351898157  
-0.2867268486  
-0.8697321765  
-2.354346872  
-0.8512483735  
-1.655329368  
2.754982112  
0.2649860933  
0.6708826942  
-0.1913999769  
0.8361231426  
-2.563620021  
0.7654964326  
-2.106863887  
-1.803862641  
-0.9436528737  
-1.865055612  
1.08447398  
0.2877100165  
2.526789433  
1.997626508  
1.932084274  
