0.04969065244  
-1.000397285  
-0.4427109232  
0.4816329281  
1.383191301  
0.6627728942  
1.001434029  
-0.7448814237  
0.03317012391  
-0.02848418951  
-2.46764919  
-2.313228043  
-2.992031611  
-2.159886668  
-3.142990255  
-1.069449356  
-0.7272320233  
1.077082404  
2.071371019  
2.342120652  
4.669623506  
5.003496522  
4.273077485  
2.462790851  
3.315422106  
1.834783755  
-0.7194259177  
-2.098386392  
-2.490052936  
-2.532198069  
-2.756531484  
-2.215838087  
-2.086017275  
-1.221539255  
-0.4563261847  
0.8238666557  
1.573649331  
1.373744693  
0.9190286486  
1.397633757  
2.044736476  
2.452814691  
2.582256972  
2.228752753  
3.401335998  
3.574693278  
2.462797711  
2.863317565  
1.754730469  
1.275695912  
-0.1593129023  
0.4125196799  
-0.3549980056  
-0.4756270046  
-2.32723589  
-4.032882756  
-3.4886359  
-1.988649718  
0.7029716457  
-0.541874919  
0.8992762162  
0.9719866425  
-0.7897995053  
0.07053512921  
-1.772093718  
-1.413113516  
-2.690835391  
-2.823551109  
-3.039317461  
-1.299914863  
-1.042692353  
0.4651725449  
-0.5626691252  
1.567077855  
1.262433396  
2.741177837  
3.841719352  
2.729951017  
3.048585341  
0.528216181  
0.08763671387  
-2.446882485  
-1.31720927  
-2.530649746  
-4.266446447  
-6.945536929  
-5.478156689  
-4.730457924  
-4.609320407  
-3.943257256  
-3.555733276  
-1.630974811  
0.6213631971  
2.370965827  
2.821754862  
4.490917784  
4.538344225  
6.156901435  
5.500359976  
4.145354135  
2.871906866  
2.037824975  
1.255629449  
-0.901001137  
-1.134694995  
-3.061255467  
-1.63747853  
-1.381679761  
-0.7295866241  
-1.952259338  
-0.6422863766  
-1.900681994  
0.1159128616  
2.2428174  
2.967497464  
2.638643406  
2.29956275  
3.494888341  
1.836499833  
2.394885237  
1.090646472  
0.664572077  
-1.42149378  
-1.725125672  
-4.147807924  
-2.517341215  
-2.811139749  
-0.9972084596  
-1.828961354  
0.106905288  
1.612219839  
1.371908453  
2.460360448  
1.789305926  
2.576023271  
2.955126042  
3.715185048  
0.8343772963  
0.04655062676  
-2.698267009  
-2.601582642  
-2.108711138  
-0.562415428  
-0.9899351684  
-0.6036198836  
0.8417710654  
-1.159075661  
1.979440953  
3.194556594  
3.102055112  
2.048821238  
1.461107497  
-1.370814899  
0.3164798205  
-1.263707717  
-2.265072251  
-4.570966441  
-4.175735738  
-5.616597231  
-2.633097569  
-2.282709993  
-0.1038237078  
1.276910348  
1.40105066  
3.733480635  
3.947129309  
4.957675683  
3.305066177  
1.004039945  
2.690474168  
1.304338622  
-0.2626622518  
-0.2233058636  
-3.036143341  
-2.436531047  
-3.195088664  
-3.571435956  
-2.635316653  
-1.948873435  
-0.128351093  
-0.669457327  
2.050934283  
-0.1369584913  
1.270401532  
1.787733809  
2.161888468  
0.6462542006  
-0.1350972889  
0.2661321626  
-0.6207862166  
-0.1506623051  
-0.1897688046  
0.07822340572  
-1.152281675  
0.2984418511  
-0.3056506386  
0.1378604385  
-2.288289471  
-0.6182176607  
-0.8245122298  
1.939076437  
1.804329336  
2.414771043  
1.259549294  
-0.9265369335  
-1.100362002  
-2.458134593  
-1.338892401  
-1.197994907  
-2.010278819  
-2.508607405  
0.7241181294  
1.295583538  
3.20812864  
4.50201368  
4.790343037  
5.498772752  
2.178081643  
-1.288626198  
-4.231594923  
-5.845795244  
-5.559734891  
-4.047565834  
-4.637845055  
-1.471461088  
-1.956720282  
-0.1930964934  
1.497526304  
2.650673883  
3.106812855  
3.252552538  
4.827700251  
3.288128866  
3.054999381  
0.4252627818  
0.867190584  
-2.400410539  
-3.630152975  
-3.926341448  
-4.349757165  
-3.435714129  
-3.547018822  
-2.786754504  
-2.666547088  
0.775221454  
0.4341350573  
2.033944022  
3.169310131  
1.912676325  
3.356911784  
2.844988956  
1.230392468  
-2.121680113  
-4.17222542  
-7.491448244  
-5.370977306  
-7.271989632  
-3.13129266  
-4.791736461  
-3.071242867  
-0.3324041283  
0.3041337366  
2.63670777  
2.907570937  
5.449595935  
5.007037564  
5.113385402  
3.412045277  
2.912151572  
0.2390362535  
1.605576556  
-0.6462089979  
0.09797753165  
-1.430496884  
-0.7122925647  
1.081067129  
0.8779841883  
2.261819693  
2.632675526  
4.522891568  
3.752365502  
4.874210799  
2.625221656  
0.9728950263  
-2.999839398  
-3.017086756  
-3.659457603  
-4.554634233  
-4.188316625  
-3.216454448  
-1.067228553  
-1.127213054  
0.5961870439  
-0.3630769377  
2.268672522  
-6.335647035  
-2.002067094  
-1.52268942  
-1.329910103  
0.3365446853  
0.5444530854  
2.69834691  
2.454123238  
3.136839361  
2.813781925  
4.146681135  
2.603116878  
2.762321801  
1.290787617  
2.459724689  
1.594665054  
1.471439775  
0.4788636426  
-0.01045629107  
-0.8251303712  
-0.150404292  
-0.1155130318  
-1.625178471  
-2.373323852  
-3.289770777  
-2.520515514  
-3.829721456  
-2.50705648  
-3.207436095  
-1.889999917  
-4.877308454  
-3.304996025  
-3.823165448  
-3.315877662  
-1.59231944  
-0.5987307593  
1.082928049  
0.1553732096  
2.351931703  
3.191703911  
3.946053029  
3.564381665  
4.941833772  
4.162537464  
2.963981363  
2.426009268  
-1.802302564  
-2.227738507  
-3.894505903  
-3.529531905  
-4.810245682  
-1.871255298  
-2.297273766  
-0.6599170898  
-2.156420585  
0.1724129364  
0.3195988329  
-1.372214863  
-1.47433013  
-2.938587487  
-0.8096738822  
-1.806218404  
0.5423275934  
1.554139359  
3.489996537  
3.347144753  
5.398651839  
4.150402442  
5.473445894  
4.999509983  
4.457800443  
4.083069855  
2.855922156  
1.346360922  
0.1438236779  
-0.4417079425  
-2.215904826  
-1.872460713  
-2.229220849  
0.321474132  
-0.9430660774  
-0.4786449944  
-1.577958769  
1.222200516  
0.2968752287  
3.20427609  
0.4471218814  
-0.1106276638  
-3.833944353  
-4.403027714  
-5.496087472  
-5.301932225  
-4.174057806  
-4.19149996  
-1.587018636  
-3.388335651  
-1.789159203  
-2.517171724  
-1.506084417  
-0.3778042782  
-1.206174581  
0.1977466131  
-0.1350211812  
0.8496202299  
0.625926394  
2.232323909  
2.316795883  
4.20950959  
3.141303485  
1.684385376  
1.797030045  
0.9015011854  
0.06961380688  
-0.03242349644  
0.3585763442  
0.5723924207  
1.387434168  
-0.01036965498  
2.393179923  
1.069789016  
3.473072425  
3.230594863  
3.42339778  
0.1341525402  
0.9122521222  
1.707886949  
0.502050597  
0.7424151805  
-2.227209472  
-3.227556297  
-3.767896823  
-0.5046068269  
-2.31587721  
-0.8634114372  
-1.666353065  
-2.466549383  
-2.025639723  
-2.669455395  
-0.5795993282  
-1.602484914  
0.3452558064  
-0.9142029083  
0.8883551889  
1.241328404  
3.772723682  
1.798167318  
2.710824227  
0.9078450314  
1.669793676  
1.074340448  
-0.1537575402  
-0.4475328461  
-1.642349036  
-0.3453386512  
-2.294160111  
-0.2470742963  
-0.412527547  
0.903700344  
-0.5199397712  
2.333573086  
1.216546248  
-0.3499767158  
-0.2519845534  
-1.269057654  
-0.4933024632  
-1.699485466  
2.166826681  
-0.2971135936  
-0.4353230048  
-0.2306293122  
-0.7651281245  
-1.464758887  
-3.33714512  
-0.2016395592  
-1.432285582  
0.2151180333  
-0.2498475894  
1.797751641  
0.5698667454  
3.443080393  
3.591349262  
3.990604899  
4.878630475  
4.195890118  
4.875142308  
2.105416975  
0.8332474149  
-2.01239641  
-2.628509957  
-3.664074343  
-2.669929888  
-4.343384536  
-2.168725642  
-3.609680759  
-1.396415615  
-2.59449581  
0.2842933758  
0.6489197637  
1.769293299  
2.959900246  
2.596039165  
4.0795176  
0.8836574705  
-0.8160168147  
-1.340598986  
0.848501459  
-1.337298217  
0.9450341018  
-0.5504529241  
2.332156727  
1.415097908  
-1.490051958  
-1.104399342  
-0.774419729  
-0.7044672548  
-3.598888541  
-3.386733536  
-4.657657015  
-1.35253815  
-2.202777947  
0.6638170985  
1.697527793  
1.853380273  
3.089730981  
2.488815367  
2.265141095  
-0.3971698609  
-0.0465704447  
-0.5925373215  
-1.255914265  
-2.260710144  
-2.182670282  
-2.850454945  
-0.7511235631  
-1.667284128  
-0.7555025091  
-2.191652297  
0.6726752929  
-0.4492110377  
1.565759558  
1.242962401  
2.809006892  
0.7351176708  
2.343436148  
1.08027493  
1.220007116  
0.7919295305  
-0.447796871  
1.174552227  
-0.5654940592  
-0.09622347443  
-1.302907052  
-0.3326881624  
-3.076323526  
-0.1822777826  
-0.7747627881  
1.534988635  
-1.469838055  
-0.03928401499  
0.8291859249  
-0.4300914041  
1.524633204  
0.9421755699  
1.364032051  
0.3821523774  
3.404794086  
0.9774031104  
3.359056851  
2.287317722  
2.990278056  
3.056690405  
1.072144276  
-0.4327609482  
-2.691713733  
-1.577949866  
-2.529406627  
-1.914363625  
-2.602228176  
-3.740463863  
-3.247025353  
-3.532404487  
-1.897971174  
-0.3113779267  
1.922815592  
0.5899230236  
1.927585045  
-1.097553074  
2.335528028  
1.74625289  
-0.0355040076  
0.2166431952  
-0.09751194238  
1.640505005  
-0.2119340008  
0.9069505229  
