-0.8730961998  
-0.276037885  
-0.7177557588  
0.02728701478  
-0.3267119177  
1.114195884  
0.5653396299  
-0.3688744046  
-0.4409764988  
0.05469428882  
0.8398503733  
-2.452887597  
-1.27029006  
-1.905737286  
-0.3632403659  
-0.05166008734  
0.02294440149  
1.393278947  
0.7224640612  
1.292744042  
1.843835083  
3.052216129  
1.377052769  
0.7614678374  
-0.04397196541  
-1.268043992  
-0.8194437817  
-1.166726823  
-1.141215221  
-1.827041496  
-1.463985781  
-1.842489618  
-0.2003058985  
-0.3913981386  
0.1209323219  
1.631517057  
3.233488416  
3.495567411  
1.145630531  
2.509148328  
1.059293422  
2.450623766  
1.159016513  
0.4845764732  
1.492692271  
0.1815127649  
1.36289029  
0.3368421574  
0.768576705  
0.912660746  
0.3746751046  
-0.1938721583  
1.644032131  
0.3911873348  
-0.8027524235  
-0.5035093549  
-2.638963261  
-1.125494172  
-1.70628761  
-2.326981442  
-1.874508705  
-0.2369743584  
-0.005574025834  
0.364607978  
1.608223282  
0.4157843856  
0.8324043925  
0.1670630164  
1.297642282  
0.4032925411  
-0.5412142286  
-0.732419985  
-0.1771815392  
0.6607805739  
-0.5863964808  
-2.525609242  
0.6930597859  
1.649345889  
-0.1118070632  
0.1336213263  
-0.313322137  
-0.8464413351  
-2.462127105  
-1.295292195  
-1.842160747  
-3.264315045  
-1.261999568  
-2.561574416  
-1.676339788  
-0.3856698826  
-1.1473323  
-1.127037477  
0.4718463046  
1.739626651  
2.121990134  
2.223840252  
1.913728554  
2.579852242  
0.7616498328  
0.5459100136  
-0.01512396329  
1.870906028  
0.771216165  
0.09535012975  
1.227053504  
-1.529529341  
-0.4838513618  
0.4320553551  
-0.9715209116  
-0.3164298524  
-0.8353408729  
-1.985816337  
-0.926142491  
1.370936659  
1.414380547  
1.220759234  
1.932977795  
2.197787271  
1.820037773  
0.5278545188  
0.7602481782  
-0.552971481  
-0.1889183918  
-0.7973864363  
-1.687182533  
-1.491235949  
-2.241173099  
-0.8053938394  
0.1792400986  
-0.3703654191  
1.374433266  
2.532056174  
1.99807368  
1.192609649  
0.6372312902  
-0.4018543227  
-1.46509014  
-1.399549195  
0.5252453777  
-0.4045224035  
-0.554359193  
-0.6125672322  
-0.389237652  
-0.9885840072  
-0.1970533693  
1.916785604  
0.3028404706  
1.260660453  
0.8249292948  
1.119992141  
1.52349534  
-2.398802324  
-0.7614458831  
1.896335252  
3.309094509  
0.9924862232  
1.078780654  
1.40150831  
0.170282816  
-2.875600809  
-3.383410577  
-1.641028335  
-0.5247936815  
-1.450692666  
1.702176296  
1.600260992  
0.2457151065  
-0.6950445885  
-4.60690065  
1.129473121  
0.9635788523  
0.6416524582  
0.3970685452  
-0.4340839696  
-2.073541753  
-2.292950077  
-1.181232175  
-0.9731247991  
-1.613334717  
-0.8564853404  
0.8352856426  
0.4498872764  
-0.4665977142  
-0.1265597017  
-0.2943824595  
0.9465376072  
0.5399784907  
0.004723424571  
0.8677407238  
-0.6333899249  
-0.3870157257  
-1.217009737  
0.6732715682  
0.7363716119  
1.604128211  
2.157697141  
2.078878685  
-0.4835754606  
-1.899188127  
-1.241647552  
0.6828912466  
0.8176901735  
-1.214017027  
0.5553275948  
0.7951820681  
0.9648377551  
-0.09927669499  
-0.9733660981  
-1.721822232  
-1.713850707  
-0.6929627819  
-0.2331361232  
-0.2324913876  
-0.005688362003  
0.2411920463  
-0.5284349754  
2.289026195  
0.8229544342  
1.357792829  
1.273369943  
-0.7452538985  
-2.473216204  
-1.917436061  
-2.293063042  
-1.541619828  
-0.4114582255  
-0.8258499623  
0.2630021783  
0.4322520739  
0.462461951  
0.6560116181  
1.223922751  
0.02517169896  
-1.899592471  
-1.175975495  
-1.599340503  
-1.355236065  
-1.005259198  
-0.494759754  
0.4606018119  
-0.3083894235  
-0.6217415474  
-0.9342642733  
-1.223285026  
-1.106022995  
-1.721522963  
0.02168147043  
1.702232044  
-0.223486203  
1.363119669  
2.818041372  
2.160996503  
0.7922901329  
-1.009736673  
-1.82488431  
-1.935703226  
-1.634966103  
-1.052854862  
-1.285980581  
0.6155405264  
1.772518404  
-0.5923504401  
0.7947808133  
-0.06342358539  
3.111610844  
2.513393731  
1.83889906  
0.4994206807  
2.400947826  
1.008924837  
-0.7405923587  
0.3790086446  
-0.6710582781  
-0.5768737011  
1.20471799  
1.741640639  
0.7978545973  
2.386742736  
2.847341363  
2.175089043  
0.08432450159  
1.202258853  
-0.5164122747  
-2.160376875  
-1.590020239  
-3.908960166  
-2.981418486  
-0.8613256902  
-1.996143183  
-1.009399002  
2.068506426  
0.3398725144  
-1.018189842  
-0.3425289899  
0.8490890115  
-2.469822308  
-0.6944459516  
-1.084961848  
-1.281518411  
1.747131931  
0.7281589177  
1.055917264  
1.308803999  
1.914963847  
1.471858638  
0.677044959  
0.4841679957  
0.6913972857  
0.5819080672  
0.1592215094  
0.2722663237  
-0.2007492513  
-0.2199865099  
0.4598732896  
0.07848070507  
-1.451413014  
0.806315847  
0.2894872983  
0.3677353129  
-1.149308329  
-0.3921345623  
-2.032514958  
-3.42788134  
-1.973403997  
-1.687379658  
-1.021239056  
-0.230243384  
-0.56932946  
-1.220332809  
0.5103913577  
0.3937128771  
0.3189178352  
0.2199204261  
3.502219799  
2.452394385  
0.8319663854  
-0.1523880816  
-0.1529079652  
1.132335354  
0.6157569602  
-0.9936814215  
-1.600249469  
-1.269528384  
-1.425247467  
-1.465314615  
-2.348130192  
-0.579949887  
0.3849598583  
-0.3438255596  
-0.4589214358  
0.8594610934  
1.381978795  
1.52184645  
2.451433858  
-0.5303353756  
-1.116868961  
-0.4023994012  
0.9162159894  
-0.8899101081  
-0.4329961214  
1.464723005  
2.624148384  
1.213627675  
0.9348579414  
1.395396871  
0.7406256762  
0.9198879594  
1.364507099  
1.186244889  
-0.1605186201  
2.426084568  
-1.10467826  
-2.01070198  
-2.584601479  
0.3511814388  
-2.389618844  
-2.997112771  
-1.467931853  
-0.8787769863  
-0.3090364571  
-1.168339023  
0.2296446728  
-0.5234655846  
-0.4184975666  
1.616206669  
-0.3359484004  
0.02553779215  
1.111923765  
-0.9290518765  
-0.2541085246  
-1.437313428  
-1.305031295  
-1.206350443  
-0.2233568424  
2.320866482  
1.387406852  
2.319198314  
0.2396802768  
0.6084879197  
-0.6428699453  
0.495065433  
0.4493434133  
-0.6358272268  
-0.7903644874  
-1.136860427  
-1.437650043  
-0.5038089698  
-1.088998012  
-1.107607789  
2.032222951  
1.458641536  
1.606698114  
0.9857527476  
1.846632389  
0.3074668043  
0.7997673333  
1.179857423  
-0.7608763412  
-2.376600085  
0.4821529073  
0.8167950494  
0.1060742227  
-0.1742544921  
1.673370642  
1.942052481  
-1.338523091  
-1.260892809  
-1.364367433  
-0.9395162554  
-1.463354674  
-1.350055888  
2.498344022  
1.15933129  
1.620892241  
2.035897511  
1.359813985  
1.149755651  
1.349034628  
0.8662400584  
1.185204108  
-0.1934419481  
0.1843987292  
-0.8251211389  
-0.2126602652  
1.490936946  
-0.9449890504  
-0.0637038431  
-0.2170865764  
-0.1779101151  
-1.054631613  
-0.3754571158  
0.2361122838  
-0.2962409698  
-1.458804039  
-1.606374247  
-2.075296383  
-1.110439115  
1.161706871  
-1.344476568  
-0.1282887093  
-0.09649643223  
-0.01436545506  
-1.639875113  
-2.634033937  
-0.08983869125  
0.2232502853  
-0.2870403109  
0.6070086877  
1.546698065  
-1.0283762  
-0.9682230251  
0.7064432432  
0.1910656715  
1.282679777  
1.773118926  
0.5945045245  
0.7182653613  
2.450674198  
1.541872037  
2.057623646  
1.733324474  
0.9609234147  
-1.231806314  
-1.551986424  
-2.481231921  
-1.8501446  
-1.797902042  
-1.134080951  
-0.8308507505  
-0.108756528  
-2.149256426  
0.2239995566  
1.335416564  
1.228666784  
1.479634023  
2.020979117  
5.510046118  
1.755601741  
-0.9140236341  
-1.288177774  
-0.9204409563  
-0.6301216858  
-1.105738064  
-1.375534201  
0.3872015157  
-1.523244303  
-2.494193917  
0.1478527157  
-1.526183104  
-0.9419593978  
-0.7893474549  
0.2857144304  
-0.9945578261  
1.188982863  
-0.8868783171  
0.09707391439  
0.9360398089  
1.180551038  
0.7781635107  
1.735436993  
2.68238705  
0.8755819465  
1.136093992  
-0.355684019  
-0.6711750997  
-0.9050511232  
0.106309507  
-2.429710006  
-0.5875560046  
-0.06353785579  
-2.195729769  
0.5794622368  
0.7430312996  
0.9294740327  
0.4101183964  
1.100027422  
0.8206577552  
-1.97178873  
-0.002778763447  
0.09333019385  
-0.572632953  
-0.728006656  
-1.231008046  
-0.3234120037  
-1.020215288  
0.5780418033  
0.5442617917  
1.652603021  
-0.5415701474  
-0.6697512238  
0.8678240927  
1.318829627  
0.5777582612  
0.156827995  
1.369211041  
0.295304381  
0.623276137  
-0.8480327166  
0.01061779079  
-0.8580787734  
0.1102063292  
-0.8164616903  
-0.9888060254  
0.01172384459  
-0.01305543997  
0.58886824  
0.1292650268  
0.2490110917  
-1.204310756  
-1.09196109  
-1.876175117  
-0.7673942514  
1.64091335  
-0.8575899693  
-0.5174516291  
-1.927712344  
-1.140536657  
-0.4759883365  
0.8457917898  
1.127854582  
2.660204111  
-0.1018647024  
-1.601939039  
-0.5698722717  
-0.2486931607  
0.06898902808  
0.1542631131  
1.931634499  
-0.004915116897  
1.679609303  
