-3.762128606  
-2.954539395  
2.158678168  
-0.9284338678  
-0.2945700224  
-1.32197302  
0.1379847275  
0.2000687285  
-1.38133484  
1.000498687  
3.025138618  
2.057100866  
-1.808950351  
0.5439825373  
0.2578275669  
1.548226349  
0.4945661246  
0.7045463156  
-0.5441966498  
0.7902938885  
2.284644053  
-0.2569857947  
1.097912733  
1.984483372  
2.693364445  
-0.366829258  
-1.478875642  
-1.074345676  
-1.594763337  
0.9934947354  
1.840145273  
0.6342431058  
-2.056550611  
0.2332369622  
2.368733455  
0.787578288  
-1.628742004  
-0.9273427884  
1.613044643  
2.738108678  
1.935002287  
-0.1640249804  
-1.095474425  
0.6854419729  
0.4881503847  
-1.339829557  
-0.6492107809  
1.059921721  
-3.076767887  
-2.234738038  
0.117612389  
1.652305836  
-1.287348054  
-0.377829086  
2.312082512  
2.116360362  
0.2490170009  
-2.257787217  
-0.2103834261  
1.605944415  
1.03738119  
-1.197948785  
-2.813243739  
0.118746933  
-1.486545126  
-1.310404412  
-1.540903623  
0.7952650158  
-0.9991498369  
-0.4889144521  
-1.458539918  
3.176500336  
0.3394132179  
0.09661144842  
2.294698636  
2.995393494  
-1.089643143  
-1.411732557  
0.9431336046  
-0.4042195391  
-0.3848271867  
-2.065971786  
0.8267242906  
-2.697033694  
-1.721424036  
0.2685000697  
-1.441218899  
1.06044696  
0.5363352116  
-0.2625281364  
-3.595297387  
-1.562072452  
-0.4379610035  
1.517803708  
0.448603879  
0.873550965  
1.186915336  
0.316660942  
-0.1685747816  
0.1735880191  
0.2329671434  
-1.222401943  
-0.9141858287  
-1.180475667  
-1.421929194  
-0.7085871845  
1.089935574  
-0.8275067733  
2.547923586  
-0.3038145968  
0.3379282552  
0.9720853173  
0.5350803794  
-1.242021512  
-1.684912274  
1.118116411  
0.3068995798  
-0.001077581035  
0.2135066529  
1.641922425  
-1.295628342  
0.7814356675  
0.6642104884  
0.05943765836  
-1.189652722  
0.2775398522  
2.031877488  
1.763421554  
0.04545193059  
-0.4014868047  
0.215606592  
0.07791351192  
-0.3286697201  
0.1205892361  
0.05186175958  
-0.7789764228  
0.0230849424  
1.741261777  
0.6676920166  
0.02368864496  
1.421509832  
0.3206431868  
-2.045882632  
0.3263975988  
1.814860037  
-0.2258634554  
-0.6792624757  
0.8424752842  
-0.8871038097  
0.2225280375  
-1.296769732  
-0.150617908  
0.06452817753  
-0.723191304  
-1.470544895  
1.407642754  
-0.388426681  
-0.3916836948  
-1.811685125  
-0.968327638  
-0.6711217649  
0.2481712311  
-0.0109562417  
0.143538408  
2.032999353  
-0.07043299255  
0.5180211835  
0.9423679229  
2.06903179  
0.5075948918  
0.6490411366  
-0.1238306317  
1.177818389  
0.1602309373  
-0.6614048654  
-3.255459318  
-4.626909012  
-2.890252911  
-0.001213720412  
1.498090279  
0.4074452044  
1.30637837  
1.335365485  
2.367482455  
-0.3657532612  
-2.341110998  
0.7120142482  
3.608256011  
-0.2065618105  
-1.020708558  
-0.3546851092  
0.06306352535  
1.167442731  
1.840625999  
2.704800167  
0.6541963895  
0.7550466374  
-0.7179153808  
1.194193489  
0.5393285352  
-1.148034307  
-0.4626547694  
0.1404828461  
-1.588364574  
-1.18708831  
-0.6420129147  
-1.944156194  
-2.335230609  
-0.2848856043  
0.2544838669  
-1.020003621  
-0.9600401012  
2.923167273  
0.6018866191  
-0.5045563241  
-0.9046009873  
-0.2147718422  
0.3182539486  
-0.3592965163  
-1.719295619  
-1.984796372  
0.08492208295  
-1.108946034  
-1.753298676  
1.633411773  
0.8848332057  
-1.253417447  
-0.7518887384  
-1.225470615  
-0.7726937806  
-1.226121442  
-1.032135985  
-1.325664847  
1.352719634  
-0.02134210486  
0.3457047604  
0.8573817661  
3.77932216  
0.2991463868  
-2.265855359  
-0.6237510721  
2.546901153  
1.639992655  
-0.7454026625  
0.1859348243  
3.272785423  
1.453068398  
-1.915338077  
-1.277347402  
2.720350871  
1.231845984  
1.032921617  
1.202726022  
1.217388393  
-1.410591287  
0.1216719612  
0.2831890996  
-0.3675446676  
1.791853514  
-1.525794783  
-2.829749164  
-1.010632701  
-2.277180946  
-1.52342388  
0.3529513528  
-1.785174712  
-1.16469943  
2.328445734  
0.6724935201  
-1.621937303  
1.885102735  
-0.8793503378  
-1.698162043  
2.385166446  
-0.08909201869  
-2.151788338  
-1.331976206  
0.1548944705  
-1.013729316  
-0.6478223761  
2.269264671  
1.195371476  
-0.2967929245  
2.558459454  
0.3124481522  
1.521223934  
1.182727598  
-1.029719551  
-1.399095466  
-0.5102055457  
-0.3162706109  
1.763777539  
3.281242454  
-1.290535228  
-1.819654311  
-0.1417560993  
-2.010476378  
1.196587247  
1.207498095  
-2.133507806  
-1.621966859  
2.190952798  
-0.5678207749  
-0.8582379728  
1.570341214  
-0.3105973242  
-1.709525224  
0.8610790322  
1.394063416  
-0.6829752881  
-0.9635989272  
2.277742269  
0.4305303077  
-0.5500110589  
0.6681964798  
1.700462361  
-1.399399329  
-1.757563078  
1.208354412  
0.2156708466  
0.497251719  
-1.320413742  
2.718504638  
-0.5946873761  
0.4752923076  
1.818611577  
0.6162000369  
0.9438106396  
0.3910408726  
-0.995388795  
-2.900940857  
-4.076413568  
-1.101558019  
-0.04959783872  
-0.6800574167  
1.502480006  
0.6475839384  
0.9334642  
1.418569172  
1.511518569  
-0.4359043267  
-0.900448211  
1.228239863  
-1.541271645  
0.2498914455  
-0.3506392895  
2.321805593  
-0.2571918613  
-0.7131622094  
1.488107082  
-0.2651480276  
0.2948614168  
1.692753078  
-0.6479524314  
-2.704241248  
0.5302668947  
-2.143876572  
-1.74127418  
-0.06323169997  
1.040119731  
0.207205687  
0.1317510681  
0.9231541765  
0.5558522588  
-0.3191437906  
-0.2834135924  
-0.9401446642  
-2.62786183  
0.3796517982  
1.017214217  
-2.397558116  
-1.938394529  
1.012531053  
-0.2796780657  
-1.000607899  
-0.2386935496  
2.120428806  
0.1695570183  
1.177483889  
3.992217567  
1.305084897  
-1.553929338  
0.9119950431  
-0.2408414829  
-0.9147512893  
0.4267412371  
0.4216925184  
0.3699363897  
-1.296349567  
2.772940242  
-1.113172483  
-0.9796626904  
-1.427123954  
0.434712116  
-0.5736472281  
-0.1279965576  
2.036891896  
-1.148604986  
0.465390405  
-0.6862298308  
0.1558542991  
1.346574602  
0.6428715921  
-0.8085766707  
0.0523899244  
0.1721243232  
-1.325459666  
-1.434281074  
1.052839552  
-1.971879332  
-2.31246314  
1.233075257  
-0.06639655937  
-1.007844448  
0.290490386  
2.571402517  
0.6950682728  
0.9662782413  
3.172587869  
0.2821921424  
-0.6751067954  
1.618274256  
-1.387135431  
-2.571765966  
-1.779409491  
-0.9220260554  
0.4717425011  
-1.111450186  
0.08106943954  
-0.340629337  
-0.3749834666  
-3.060952078  
-0.5847307734  
0.3349372576  
-1.559848873  
-1.427904785  
0.4187791122  
1.460200578  
-2.021574512  
-0.7845970408  
1.373775508  
2.142473057  
1.144665426  
3.91338756  
0.9227643949  
-0.8776736418  
0.669007299  
0.3890606481  
-0.2467948945  
-1.343467759  
0.9039296495  
-1.934077355  
0.2983929469  
0.5412991876  
0.5346548179  
1.886981602  
2.443816009  
0.09040509285  
-1.468549057  
-0.359284461  
0.3971393759  
-0.8886430197  
0.7456854483  
1.269341966  
-1.229638583  
-1.536109423  
0.04974068805  
-1.654472867  
0.9367469196  
2.170889646  
1.483273803  
-0.8062198921  
2.017080753  
0.815212231  
-0.5000906029  
1.155386703  
1.890259039  
-1.98362528  
-0.6091069196  
-1.518562285  
-2.500435064  
-1.550011174  
-2.843220958  
-1.187360189  
-0.2401470462  
1.464391839  
-1.223809503  
-1.202894848  
-0.3470936144  
1.089621758  
2.336913418  
4.057488758  
-0.9495064294  
-1.703034723  
0.5954049546  
0.6170668033  
-0.3259830795  
-0.5515534494  
0.6718307593  
-1.548151201  
1.598903733  
-0.3395488145  
1.248582292  
-0.01150865688  
-0.600414213  
0.5930183131  
0.4720648495  
-0.5343924481  
0.4117128578  
2.164906217  
-0.5368996532  
-0.08336562822  
1.860813871  
0.3161260164  
-0.8995731664  
1.084298621  
-2.635724491  
-2.65627536  
-0.3915916896  
-2.085990649  
-2.356128606  
-0.3369858037  
0.1107481173  
-1.672540857  
1.116298587  
0.4219692391  
0.787863264  
0.6466214473  
1.154493905  
-1.131816352  
0.1147388296  
1.641661291  
0.2708129474  
-1.44953602  
1.877369166  
-0.1477826819  
0.2190823372  
1.879128443  
0.3648187133  
0.2109519855  
0.9683553984  
-2.229622737  
0.4741672101  
-0.5976872369  
-2.891256355  
-0.09177796438  
-0.5669953841  
0.1923052919  
-0.1802802992  
3.094522497  
0.8674361744  
2.026912708  
2.651070444  
-0.5879160968  
-0.5621805641  
1.540750823  
-2.057379928  
-3.816751974  
-1.118605074  
-1.82854151  
0.590550816  
1.218928878  
-0.2816110623  
-0.2098788699  
1.991798614  
-0.7106620748  
-0.5081805332  
1.366421509  
0.4835641646  
1.021466606  
2.165575767  
0.2795320742  
-2.341711262  
0.3513813412  
1.155792234  
-1.676507755  
0.5762986867  
-0.7897651894  
-0.08808549305  
3.14201054  
1.364603319  
0.311038469  
2.002575888  
-0.9875380726  
-1.436877909  
0.7717223513  
-0.2525586998  
-2.69682198  
-0.4519046875  
-1.518542896  
