-0.3046790216  
-3.448998571  
-0.9409293713  
-1.415727908  
1.39105966  
-0.3134173414  
0.6786706633  
-0.09720927944  
-1.240605204  
2.131093575  
-0.3415842031  
2.381720384  
1.342652662  
1.136054953  
-0.3931591995  
0.2152857353  
0.4473567806  
0.1670504454  
-0.5855424726  
-3.227176584  
0.3373624691  
-0.3009083017  
1.371182289  
-0.6007219617  
-0.5546277163  
1.308711695  
0.4685927349  
2.413802695  
-0.1499168437  
2.78668476  
-0.08083275597  
2.067205851  
0.846991058  
-0.3884106296  
1.817801854  
-2.696433987  
1.812484237  
0.5087184054  
2.017057442  
0.656391579  
1.59272154  
0.6973970571  
-1.484150949  
-1.292340145  
-2.178736457  
-0.2077822548  
-1.852025997  
0.6511706153  
-0.9052577253  
1.968894689  
0.4650734858  
0.2564261658  
1.740008642  
-0.744328877  
2.119949286  
-1.015358996  
0.07532443693  
0.06893698425  
-0.2206774207  
-0.3620427427  
-2.495365283  
1.124106511  
-0.8405433393  
-0.6388942556  
-3.162403597  
0.674312021  
-0.6271124199  
0.1039714006  
-1.427407931  
1.880787792  
-0.9396466474  
-0.3212894524  
-0.03497762636  
-1.828543738  
-0.7980479714  
-1.68746136  
0.6723989787  
-2.778458614  
-0.7961686085  
-0.1250588464  
1.753752938  
-0.2361710459  
1.476405016  
0.9429750239  
-0.4521873225  
-1.649735713  
-1.219771593  
1.883168744  
-0.7796807988  
2.697476808  
-0.4795322194  
-0.2920949989  
-1.925009674  
2.249066989  
0.8006672128  
-0.2577437089  
0.6327346695  
-0.4844427284  
0.7178992128  
-1.020092309  
0.7540883466  
-1.205789553  
1.359030935  
-1.304682646  
1.778861616  
-0.2921202106  
0.2519485968  
-0.3642445046  
0.5766573861  
0.02477376443  
1.39474339  
0.273925199  
-2.522263511  
-0.7446852137  
-2.005896804  
0.06774305571  
-1.743334802  
1.010024088  
-0.8468881884  
1.000101079  
-0.2904346495  
0.5470220495  
1.400702899  
1.078458197  
-0.4263979285  
0.4204831625  
0.850101342  
-0.2079515078  
-1.337428272  
-2.135952506  
1.182917898  
0.1636018924  
2.231397536  
-0.6488245378  
1.245918262  
-0.1413227661  
0.5166006188  
-1.384930535  
-1.108903987  
1.03684812  
-0.5023787035  
0.358093064  
-1.210224731  
1.567579925  
0.7467413335  
1.68720814  
-0.6328421622  
1.137347068  
-0.3359446494  
1.649593502  
-0.4866355241  
1.986112721  
-0.211988506  
3.253048864  
1.295754387  
4.216135075  
-0.2067731369  
-0.5663236319  
-0.366052431  
-0.2490596175  
-1.135018942  
-2.789156843  
-1.512596474  
-1.700246685  
-0.3576876835  
-0.8842045394  
2.054104894  
0.06868319507  
1.260265599  
-1.416936224  
-0.6985948835  
0.5386092442  
2.791275109  
-0.08088423647  
-2.010739165  
-1.038143629  
-3.057664621  
-0.2080433886  
-3.021981548  
-0.5113116113  
-0.7942162823  
2.119573127  
1.15492122  
-0.4147853807  
0.2944471899  
-0.4591645194  
1.248164538  
-0.7329563408  
0.5306590267  
-1.00888485  
-0.2909770449  
-2.899269275  
1.359687707  
1.268321545  
1.19135444  
-1.413765807  
0.1109073866  
0.4011665624  
0.4424383728  
-0.6842934929  
-1.656091666  
-0.5137756532  
-2.005634694  
0.3947675203  
-0.5411859022  
2.095761973  
-0.6110111268  
3.769293992  
-0.7900748877  
0.8562400972  
0.6800444841  
1.311887026  
0.4779754637  
-1.969132117  
-0.1736236601  
-1.214557843  
0.7505397622  
1.390930911  
1.590551407  
-1.188911005  
2.003836711  
-1.733328067  
-0.675622136  
-1.945898176  
-0.396680104  
0.3903178845  
-2.122632136  
-0.4720127374  
-1.842320133  
-1.080615384  
-2.007383752  
1.888843977  
0.1414675824  
1.314818303  
-1.101858109  
0.0253630492  
0.1954571475  
-2.074747758  
-0.5274170389  
-2.258731911  
1.585257683  
-1.548379775  
0.3176913469  
0.7988423149  
1.640378812  
0.965261934  
-0.7737111605  
0.3545572312  
-2.66636741  
-0.7829854913  
-1.553157969  
2.045416872  
1.120494205  
3.526663576  
1.564383099  
-0.05755534307  
-0.8850982581  
0.3766504799  
0.007583900268  
-2.152677215  
0.1602422553  
-0.5530780684  
0.7220396799  
-1.202644726  
-0.03598804282  
-0.9500482965  
3.036713153  
-0.1167164096  
1.849426505  
-0.9058445826  
-0.6856276883  
0.4196305187  
1.043469817  
0.4398822894  
-1.051995157  
1.820039347  
-0.5740365561  
0.3566711362  
-2.15691711  
-0.3259010175  
-1.366465894  
1.617703606  
2.007718914  
1.709684218  
-0.6379207948  
0.1525656512  
1.293984108  
-0.9517515662  
0.9675573697  
-0.980536237  
1.050735697  
-1.121554075  
0.4349423261  
-1.242265882  
-0.6862920258  
-0.1789374499  
-0.9681558688  
0.6637133085  
0.04061771185  
0.7394254156  
-1.4257919  
-0.6485399443  
-0.7505208135  
1.433934052  
-0.9570859147  
2.360960834  
-0.156207291  
-0.4019279611  
-0.5496467567  
0.1621848148  
0.4792454567  
-0.7935587217  
-0.8244662396  
-0.6199569802  
0.6372452356  
-2.101742498  
0.6344324596  
0.4465305965  
1.794113164  
1.474263192  
1.985203758  
-0.8280349704  
0.9142801005  
1.331711297  
2.414796562  
-0.2091966783  
-0.794626903  
0.497805078  
-3.165013151  
-0.6001168937  
-0.157458183  
0.057040557  
-1.101266748  
0.7610942042  
-1.237854201  
-0.01517982096  
-2.820527852  
0.3098686042  
1.077378978  
-1.095450218  
1.705305134  
1.131567001  
1.488186799  
-1.899676419  
1.68630601  
-1.386869037  
0.01003812868  
-0.9161614019  
0.2281021715  
0.5450576257  
-2.314534612  
-0.02606522576  
-1.600480669  
0.3486689706  
0.3200999613  
1.038851402  
-1.44332495  
0.331268482  
-0.9663976179  
0.3618186852  
0.6749672091  
2.938727616  
-0.6724763874  
-0.6023635334  
-0.3183479525  
-1.743398672  
-0.2015510591  
-1.291027996  
0.1488431647  
-0.3798896494  
0.925530618  
-2.459835223  
0.3178235329  
-0.5935242474  
0.5502394883  
-0.1755223538  
1.10542042  
-0.6443493198  
-0.2076443517  
-0.7129188033  
0.7067785126  
2.045409324  
0.39940436  
1.80448081  
0.6762458442  
2.297660676  
0.1627904413  
1.495869365  
-0.9616638782  
-0.5254490448  
-1.242379876  
-1.132530442  
-1.121928156  
-1.341474898  
0.632415728  
-0.4303833129  
0.6435571457  
0.1424713797  
1.28640687  
-0.4341497045  
1.195633633  
-0.321516406  
2.183537561  
-0.0172198301  
-2.033065014  
-0.9262377216  
-1.491746113  
-1.043234353  
-3.034154834  
-0.4896434916  
0.5450800069  
2.012266971  
-0.3003739926  
3.172121022  
0.5332615901  
-0.1158833855  
-1.720200586  
0.8677025834  
1.063462184  
-0.3635193125  
0.5797427365  
-1.508289022  
-1.388707595  
-0.4717395242  
0.8508721041  
-0.7882322418  
2.040076625  
-1.136753303  
-1.960195789  
-0.4239142603  
-0.6763081632  
-0.2245267125  
-1.284009875  
1.510418347  
0.3120907881  
1.569422371  
0.2162347118  
0.9210996499  
0.529764087  
1.662441787  
-1.060710589  
0.5454836778  
0.5221163617  
-0.4138036557  
2.128095945  
0.1716774445  
0.9988633922  
-0.5836861387  
1.95075972  
-0.367513682  
-0.2023078069  
-0.6196825104  
0.1267782726  
-2.058196088  
0.4233521231  
0.8052860048  
-2.349753404  
1.611778231  
0.9520160959  
0.6838917012  
-1.597977171  
-0.001191366252  
0.9313291646  
-1.058380394  
-0.1251582835  
0.3108349632  
0.657577954  
-1.648721358  
3.077155421  
0.5624769321  
1.285842393  
-0.1898716585  
-0.9802560214  
-1.542850628  
0.03212219361  
1.193252573  
-1.554247839  
0.2538049694  
-1.377737151  
0.5903123701  
-0.4635981536  
0.7393729319  
-0.7585580544  
0.7279693374  
-1.542957621  
-0.02401090362  
-1.082997701  
1.117816202  
-0.6671542029  
0.4161125896  
1.548174368  
-1.122330725  
0.2095848982  
0.126932478  
-0.8299985173  
-3.771953379  
0.7498066051  
0.278906254  
0.941493226  
-2.350746522  
0.5637027728  
-0.321615725  
-0.5416917594  
0.3914447082  
0.3682749887  
2.316183435  
-0.1902708648  
1.083899432  
-0.35308597  
0.170613066  
-0.5316275536  
2.136380817  
-0.7517112179  
0.9067990884  
-2.357939722  
-1.108670939  
0.8714872686  
1.072906721  
0.7393935871  
-0.4679720784  
1.53180139  
-0.2813263558  
1.616493317  
-0.5288003983  
1.204621433  
0.549384172  
1.988927289  
-1.681348918  
-0.09259994025  
-1.124405744  
-1.567199304  
-0.6954520695  
0.5924719744  
0.1895554859  
-2.088357346  
-1.095549363  
0.5512231694  
-2.346174797  
-0.02404645083  
0.995258023  
-0.2697712033  
1.790688588  
0.2420015331  
1.26603707  
0.952967497  
1.685868319  
-0.3271825798  
1.497500951  
-1.034038563  
-1.518872777  
-1.971219933  
1.468767974  
-1.109573956  
-0.6255627817  
1.48184359  
-1.112877236  
0.4484600347  
-1.946428587  
0.7706045879  
-0.7466673065  
1.767206446  
-0.6852200952  
-0.3278249349  
1.048352535  
-1.048130125  
0.5455649731  
-1.630156414  
2.180262617  
-0.7788123624  
1.19555086  
0.8983186786  
-0.4928617188  
1.378475217  
-1.527310159  
2.567144168  
-0.164493352  
-0.260238313  
-0.9328999368  
1.189248025  
0.01852101308  
0.8890101365  
-1.72537648  
0.04863399767  
0.2623388938  
-0.5866757906  
-0.4874392985  
-1.87682796  
1.531496661  
-1.420715777  
1.202379646  
