1.166258293  
-1.720956039  
-0.1797278371  
-2.554094357  
-0.2875335722  
-0.4565986852  
1.296736989  
1.889015085  
-1.467055346  
1.046619838  
-0.1013713904  
2.366128372  
-1.826155271  
0.5905798882  
-0.5143335307  
1.225326126  
0.7655566218  
0.1501246284  
-0.136824502  
-1.847216208  
0.07714596988  
-1.982703605  
1.740186049  
1.844359669  
1.308816952  
0.6781003453  
-2.203193876  
1.308662444  
-3.140297879  
0.4372114515  
0.8169296768  
1.519817887  
-1.364225514  
-0.6725224416  
2.274035034  
0.5114553613  
1.26218991  
-1.011146157  
0.9397526239  
0.5762390689  
2.305909042  
0.8515194048  
0.03640712243  
2.524208208  
1.462441642  
-0.2792170817  
-3.046411527  
-0.2407452681  
-3.162793379  
-0.5897772383  
-0.4371389671  
1.027625369  
0.1900572175  
-0.6714891837  
2.979614936  
0.9919241948  
2.167618813  
-0.7807742756  
-1.050836063  
1.070408657  
-1.275373851  
0.08065588288  
-2.496333672  
0.8966513411  
-1.073503269  
0.0162534753  
-0.03728101168  
0.4546294022  
-1.143803148  
1.085917495  
-0.01530829584  
0.4991577894  
-0.9413755859  
-2.065176239  
0.680807404  
-1.488843882  
-1.338982381  
-2.848648714  
1.788722642  
-1.017617096  
-0.9847950338  
-2.576433491  
0.3287492944  
-0.9167183452  
-1.082379029  
2.992298038  
-1.743290706  
2.367141974  
1.564970327  
2.533765746  
-1.087042063  
0.6591117704  
0.8622402374  
2.239011067  
0.3868230617  
0.06128010768  
0.7641329489  
-1.461535395  
0.313183661  
-2.52963039  
0.1872988348  
-3.342349027  
0.234249946  
0.7391799796  
0.09090921539  
-0.8077336216  
0.1240171687  
0.09960323187  
1.988259192  
-0.288461296  
-0.4629630676  
0.2284515085  
-1.568273752  
-0.1461357099  
-2.122435371  
2.27234607  
-1.186425946  
0.05230242016  
-1.914763988  
-0.3647543933  
-1.025223836  
0.9193032847  
2.220465503  
-0.2981873292  
-1.005601152  
0.6930122636  
0.7191719575  
-0.902918825  
0.1212761678  
-2.798167343  
-1.056354484  
-2.046078803  
1.340659373  
0.1796198741  
0.5973829278  
-0.787530749  
0.3957751  
1.139761881  
-1.450494675  
1.276306545  
-2.863341887  
0.4451337665  
-2.802287976  
0.1494940159  
-1.122145265  
-0.496210782  
-1.473112805  
0.7483075715  
-1.396083878  
2.150373443  
0.8482258385  
2.768791965  
3.128874534  
0.08104507561  
-0.9472144679  
2.095740194  
4.077984529  
2.902236243  
0.2348159367  
-2.398035693  
0.6271383688  
-1.766299563  
0.9266298538  
-1.659057672  
2.487969498  
-0.438912599  
-0.4016691586  
1.300026512  
8.686769678  
0.7768165337  
0.3365486018  
0.1252980871  
1.965474112  
2.249886944  
0.7573154491  
1.753006303  
-2.643488222  
-1.385740219  
-2.688843218  
0.2860408464  
-0.488567417  
-0.8639349198  
1.361406809  
-2.845431243  
0.6343520426  
-2.80583116  
-0.7097797274  
-1.207582091  
1.363814285  
-1.208254373  
0.6418489334  
-0.05952897172  
0.8121903905  
-0.4613743288  
2.273755425  
-0.1660858238  
-0.07329482873  
-0.9092094358  
-0.1054783602  
1.446900817  
-3.141887983  
-0.07351693483  
-3.974955194  
-2.002608916  
-3.114322911  
2.225218922  
-0.8254856954  
0.8125241  
-0.170694133  
2.023632887  
-0.9453054938  
-0.2240203717  
0.6050890155  
-0.433898391  
0.9457034774  
-2.655730927  
0.1670852055  
-0.80016062  
3.005237536  
-0.3824355336  
0.3904396167  
-0.5667899465  
0.4491167364  
-0.8449946451  
0.02872334173  
3.027275572  
-1.408073565  
1.149307794  
-3.14600218  
0.7216441631  
-0.4802262687  
0.1098425965  
-0.8595889588  
1.954590569  
0.4839534062  
-0.03433011189  
0.8463417066  
-1.109924607  
1.63028541  
-2.139976102  
0.4963182965  
0.3217077937  
1.350976615  
-0.4138534401  
-0.00290390528  
2.840888561  
-0.7286317479  
0.3691618255  
-3.218685306  
0.4065547392  
-2.48531377  
0.4905992624  
1.770560259  
1.184424685  
-0.5836070821  
1.086685748  
-0.3275426312  
-1.507713143  
2.546757027  
-0.214935168  
0.06983549695  
-2.054760405  
-1.911393096  
-2.771542136  
1.089335883  
-1.587667373  
-0.4303905199  
0.6064979456  
1.826233738  
-0.2125619234  
3.089941732  
-0.1816999005  
-1.535440873  
2.246998263  
-1.128626058  
-0.6926291811  
-2.861497395  
-0.01361633899  
-2.259954594  
-0.7426251354  
-0.3658029846  
1.282558925  
2.583563217  
3.368248177  
0.6199452572  
-0.1164243968  
3.747634554  
-3.494549021  
-1.433836777  
-1.080909073  
-0.7764230877  
0.1592124956  
2.75135669  
-0.5721919842  
-0.06654266031  
0.6874797237  
-1.90483109  
0.8611102659  
-1.911248512  
0.2071492806  
-2.790844693  
0.1584922596  
-1.53980366  
-0.440798587  
-0.4719635372  
1.956681945  
0.1556584349  
1.934135875  
2.462775244  
0.5568675688  
1.949579752  
-0.2723541664  
1.340929396  
-2.190736398  
2.703270837  
-0.753770292  
0.6531679327  
-1.109669495  
0.1023728449  
-1.113481144  
0.303298808  
-1.089826482  
0.9187306622  
-0.8510377922  
1.775820812  
0.9183838046  
-1.989253473  
1.94326415  
-0.5991899066  
0.5245285961  
-3.377806048  
-0.5239553809  
-1.020066386  
-0.2503577626  
-3.262184775  
1.624590031  
1.323426893  
-0.1117295546  
2.988318109  
-0.7748362827  
1.147063448  
-1.306556347  
1.627060131  
-0.842021681  
-0.5703197372  
-0.001254797445  
2.131029467  
0.3652023863  
-0.5813334327  
2.415874295  
-1.44083555  
3.398948191  
-0.9832823364  
1.359830712  
-1.335251019  
-0.2272192353  
-1.664322979  
0.07482104852  
-1.252562027  
-0.4126802696  
-1.559519997  
0.7830788695  
1.50066292  
-0.5984786054  
1.949903545  
-2.980014528  
-1.546068568  
-3.913514959  
0.3759888714  
-0.6339926074  
1.984518712  
-1.700446332  
0.9049998337  
-0.2594314766  
0.1821830208  
-1.183021841  
1.770338617  
0.794315953  
-0.2706838509  
0.6302097179  
0.1994685486  
0.3017623911  
-0.9215881451  
2.353468044  
-1.068924397  
1.34668397  
0.1139408103  
2.489614406  
-0.628160543  
1.932336036  
-0.30418385  
-1.896404384  
2.860813368  
-2.327133636  
0.06035044353  
-2.878905671  
-1.171009922  
-2.259841541  
1.898710891  
1.059426683  
0.969818681  
0.4997172144  
2.174895211  
0.6558391922  
-2.378090762  
1.037148647  
-2.714644126  
1.474674266  
-1.837871476  
-0.8427410879  
-2.16433549  
0.2443323467  
-0.5242011153  
0.8188945013  
-0.4359854918  
1.051601951  
-0.9880042761  
1.125702339  
2.845111965  
-1.084791945  
0.6519982715  
-2.048808538  
0.4091155418  
-3.091986985  
-1.036741219  
0.922490775  
2.945052295  
1.784739833  
3.760201891  
3.470464082  
-2.706719759  
-0.959000256  
-1.946197461  
1.034577899  
-1.511102577  
0.7222204774  
-1.310482363  
-0.2176631685  
-2.073409828  
-0.6019532118  
0.5514565512  
-1.666238735  
1.682845877  
0.250748906  
1.038641564  
-1.860008312  
-0.1972821906  
0.7007780362  
1.115518385  
-2.183461274  
-0.2947171328  
-2.098744765  
1.384417547  
0.08148428308  
-1.358834788  
2.786121014  
-0.6461291829  
2.101209347  
-0.2257383825  
1.734596116  
-0.8855802274  
-2.734220661  
3.261363008  
0.6118898436  
0.9674221172  
-4.004629375  
0.4290270082  
-0.2195581219  
0.7150419241  
0.93942253  
2.454431722  
1.177368076  
2.55486383  
1.003067707  
-2.342006231  
1.732662004  
-0.8109214904  
0.4762164554  
-0.8274905641  
0.01665875331  
-0.9450982318  
1.422854293  
-1.986629964  
-1.386435996  
-1.075107562  
2.677580847  
-1.722290192  
1.244224433  
1.668266005  
0.7898027628  
0.140114192  
-0.248336435  
-0.6707396195  
-4.769653637  
-1.113214119  
-0.6472069448  
0.8516301148  
-1.821885793  
1.245423991  
-1.616353302  
2.679283221  
-0.02229775229  
-1.791573034  
0.9839972314  
-0.9577380623  
2.04058773  
-1.632137287  
-0.04340569091  
-2.150015823  
1.504923302  
-1.096539669  
1.282507393  
0.4685288169  
1.164579034  
-0.01727275175  
0.634710389  
-0.193194077  
-3.54221974  
-0.2509142113  
-3.310488082  
-0.4817033633  
0.03138801686  
2.605107087  
-0.6512989395  
2.118422529  
0.281392205  
1.123879469  
-0.1968608381  
2.582008293  
-0.8712897931  
-0.3275695611  
0.6501702805  
-0.4591057202  
-2.523256414  
1.978383124  
-0.9207465958  
-0.1009321465  
1.264223321  
-1.823236034  
3.224198652  
-2.227661229  
-0.105207404  
-3.341023191  
0.6682529552  
-1.516044895  
0.3634280444  
-0.3950582853  
1.438330203  
1.712157694  
2.122601091  
-0.956704495  
3.109484036  
1.791250388  
-1.357826519  
-0.7524225739  
-2.495481407  
1.609045447  
-3.236256881  
-0.3917991099  
0.1158663371  
1.598507629  
2.561934304  
-1.817912209  
1.972379587  
-1.520556022  
0.8648344726  
-2.036049219  
2.055307097  
0.5830752016  
-0.008810377873  
4.728187461  
-1.878635637  
0.0311135531  
-1.446061605  
0.3365666793  
-0.4166605691  
1.9261778  
-1.76429079  
-1.383423605  
0.2738903287  
1.147709648  
0.7264526565  
1.130439095  
3.201670175  
-2.548127985  
0.3609343854  
-2.680795787  
-0.1728977174  
-1.837871127  
0.03705673349  
