-0.9802363063  
-1.382800899  
0.3844371412  
-0.03097531587  
2.056738342  
2.208010928  
0.879488363  
0.6427004098  
-1.968478563  
2.231175592  
0.2592871994  
1.976654835  
-0.871903772  
0.3461191624  
-1.133692119  
-0.9959502697  
-1.048871681  
-1.875159051  
-0.3514714929  
-1.177548222  
0.3960146617  
-0.9335638403  
1.419272616  
0.7295800502  
-0.7548820622  
1.368428458  
0.6711963509  
1.658786389  
-3.511928111  
1.065734534  
0.3901420739  
0.4938194413  
1.539271487  
0.952742315  
1.356894436  
-3.437414508  
-0.8625819283  
-1.917638612  
-0.2869125  
-1.08505696  
-0.4368525231  
0.3787534412  
-0.6482387729  
0.4570381527  
-1.823091729  
0.5845449278  
-0.6169912146  
1.896246812  
-1.480026033  
0.3698280145  
1.335410632  
0.7983470455  
1.422749845  
-0.1169089681  
1.758494465  
0.1357427224  
0.3401584491  
-1.023291572  
0.4353580951  
0.541656134  
-1.760238484  
1.628550729  
-0.5258306691  
1.107631737  
-2.46421711  
0.1553561351  
-0.3684231337  
1.711186338  
-1.194556098  
-0.2551440512  
0.8715208106  
1.343686454  
-0.06120265247  
-0.110928475  
1.22574978  
-0.7243661687  
0.1129432111  
-1.824511425  
0.5438110281  
-2.526939689  
-1.40193372  
-0.3640908414  
1.827996395  
0.07806314094  
-1.884627223  
-0.1668043576  
-2.94783468  
1.497023668  
-0.02657919605  
2.128530575  
-0.2922143272  
1.418715993  
-0.7250804223  
-0.8087361044  
0.3687013387  
0.4539473976  
2.225944452  
-0.6690346866  
1.463241407  
-0.9142905417  
1.569041974  
-2.533878668  
0.5220288958  
-0.7975562841  
-0.5021329574  
-1.435299056  
-0.5572618551  
-0.7682156672  
0.8452194308  
0.9687364454  
-0.1508924969  
2.498708955  
-0.354662876  
0.7856687865  
-2.013924546  
0.9207374387  
-1.245180521  
-0.1612064313  
-0.3591189735  
1.24693041  
-1.128053401  
-0.9345723439  
0.5635142951  
0.2099606462  
2.048863447  
0.825175879  
0.4240162347  
-3.625355412  
-2.032368191  
-2.323182917  
1.569914465  
-2.605869356  
1.048638595  
-0.4384267364  
0.4152893858  
-2.020949893  
0.4759751213  
0.1798057121  
-2.161017036  
2.602465931  
-0.3612854222  
2.190751003  
-1.664320603  
1.783026566  
0.1442928997  
2.445606189  
1.495476422  
2.694594049  
-0.8144590062  
1.236545483  
-0.6153100081  
0.03879859548  
-0.334520109  
2.819544076  
0.6143803374  
3.101817547  
1.978219782  
0.3782612658  
2.169676189  
0.6145892838  
1.80305394  
-3.148633843  
-1.87441734  
-3.240824854  
0.4105370589  
-1.996118004  
0.1209216128  
-0.2217519895  
6.642521916  
1.318940508  
-0.2519575932  
1.06619971  
2.587144624  
2.705405999  
-0.3345945221  
0.2900598458  
-3.549705272  
-0.7167896982  
-2.002159894  
-1.381918267  
-1.34546752  
-1.295216282  
0.7850607053  
-2.399396125  
-2.096546992  
-3.650660752  
-0.04850562747  
-1.656487972  
0.9691806156  
-0.8539642144  
1.101380437  
-1.442719387  
0.1272655534  
0.05890768079  
1.909910647  
-1.11416983  
0.7792869143  
3.021485777  
1.59631318  
1.77985106  
-2.401475324  
0.9562647169  
-1.126288  
1.059403884  
-0.6046753562  
0.9149957534  
-2.587766375  
0.6737991368  
-0.1655385746  
1.516098594  
-0.2425364851  
0.1178796574  
0.9566960782  
-2.328649698  
0.7115859243  
-2.721596458  
1.799396245  
1.424848706  
3.736240794  
-0.5429253056  
0.572923804  
-0.6476924603  
1.305236667  
1.296111507  
0.458982233  
2.478533563  
-1.942512677  
-0.07872486803  
-2.746615874  
0.02856801713  
-3.539433347  
-1.659883387  
-0.4254474156  
0.3078903289  
-2.21629748  
-3.77350825  
0.06477663062  
-1.829439592  
1.24685938  
-2.419204665  
0.4522130401  
-0.3949028445  
0.7126682214  
-0.6382128214  
0.5547514335  
2.261467049  
-0.2311997117  
2.091255889  
-1.560029585  
1.342894168  
-1.886458327  
1.464730011  
0.05281549106  
0.8063962375  
-0.08347269718  
0.2171121587  
-1.252959529  
-0.5612134504  
1.545344612  
-2.443920699  
-0.04454315031  
-0.4428186601  
1.633630422  
-0.671212403  
1.729592292  
-0.6875668957  
1.658845939  
1.320586694  
1.726488727  
0.1390878668  
0.3361725406  
-0.08950487595  
-2.136529276  
0.6670904607  
-2.550601929  
0.02595638997  
-2.742247515  
0.4491701589  
-1.355383553  
0.7319333343  
0.4368739252  
1.321830821  
0.2637500206  
0.5557926263  
-1.511020743  
-2.345456645  
0.9815080892  
-2.699978603  
2.072774577  
0.3580763374  
1.315099534  
1.476786193  
1.57345384  
-0.428461608  
0.04262058738  
1.836958864  
-2.207577709  
1.407482677  
-0.4690828704  
1.25510536  
-1.931200199  
-0.1244916304  
-2.342355705  
0.7433801929  
-0.9260817627  
1.080772715  
-0.3385194247  
1.352467214  
1.48571518  
-1.491467995  
2.063606245  
-0.2454651292  
2.195688286  
-1.123346537  
1.446509107  
-2.655754277  
1.435236478  
-1.219903254  
1.596101218  
-0.9908796675  
0.2901644167  
-2.218018086  
0.3302537816  
-1.113913619  
0.3651862834  
-0.1827949326  
-0.5864200423  
1.930683571  
-2.521973312  
0.8088421436  
-1.893752122  
2.18973699  
-0.03261509009  
0.8144112187  
0.2205426827  
0.254149909  
-1.021455261  
-2.155396092  
0.8192375142  
-2.186392274  
0.8872838309  
-0.5436144906  
1.213394511  
-1.817960209  
1.227597113  
0.1304043284  
3.366205332  
0.8601382476  
-0.1690314744  
1.869895391  
-1.728084988  
0.1695837875  
-2.083933331  
1.523223532  
0.4048474484  
3.360533106  
-0.5913758649  
0.6713795435  
-1.648342481  
1.080524306  
-0.1641183669  
1.611563002  
0.1079508656  
-1.90471859  
0.01235341251  
-2.696392522  
-0.6783268574  
-2.911415897  
1.111461247  
0.03040813521  
0.5607204324  
-2.460760347  
0.9462067895  
-1.374292126  
0.09623557553  
0.2125142993  
2.806982596  
0.4956309495  
0.1375102827  
1.703559908  
-0.6793584628  
-0.419797866  
-0.4143265336  
2.341892891  
-2.128908289  
-0.4855668799  
-1.748351022  
-0.1013291451  
-0.2881406962  
1.12251795  
-0.3910416642  
-1.340361689  
0.4935242238  
-2.429395722  
1.508215796  
-0.5601457876  
1.300572101  
-1.128902354  
1.828279011  
-0.301816484  
0.1691818565  
0.4016179421  
1.049481482  
1.421596211  
-0.5259702664  
1.596253441  
-3.200896958  
-0.3410918383  
-0.9508828633  
0.01189121275  
-2.162465469  
0.8583620545  
-1.715423996  
-0.1074134535  
-0.7863766029  
0.3725217765  
0.2231365867  
1.886626872  
1.869841956  
-1.813410776  
-0.5511583385  
-2.315473764  
0.4709773182  
-1.701142691  
1.811881614  
-0.4105336268  
1.911133897  
0.6250125576  
1.388277581  
1.238116815  
-2.247016829  
1.674107293  
0.1488890671  
2.412436968  
-2.508364839  
0.7178133603  
-1.469771038  
1.02794719  
-0.5506029179  
2.621954117  
1.238908789  
-1.705232773  
0.6855564338  
-2.160486144  
0.6052221735  
-2.016847614  
1.117770893  
0.2136293856  
0.7646570449  
0.331680521  
1.336627879  
-0.7482336811  
2.30726599  
0.6439569637  
-1.408224912  
0.06354211954  
-2.409715902  
0.04706755433  
-1.834071601  
0.9991083193  
0.5439786787  
-0.363220039  
2.350331928  
-1.21972836  
0.3783444853  
-1.525897775  
1.051997916  
-2.825435125  
0.6170756887  
0.5305481536  
2.03973117  
-0.01902617109  
-0.6414144391  
1.434025399  
-0.7079129256  
1.091393558  
-0.2609586317  
2.021376305  
-2.985895261  
0.3680902016  
-2.196572662  
1.398377861  
-0.4223814679  
2.06154291  
-0.004841274502  
0.8546571268  
-1.003250973  
0.4697198976  
0.9861427221  
1.161888257  
1.469904102  
-1.064400515  
0.772696716  
-2.710543816  
0.9973150108  
-1.574452274  
0.2081697244  
-0.2562075614  
1.361191132  
-1.825068647  
0.08483929797  
0.7681773303  
-1.621088362  
1.365651504  
-0.3260277241  
0.2124692397  
-2.49141573  
-0.6625560125  
-2.281909434  
0.3431035419  
-0.4502514774  
1.255216525  
-1.314654748  
-0.2910648465  
-0.9015462431  
-0.4919478385  
0.4586433923  
-2.257266473  
0.4575456672  
-1.368483214  
0.9520705249  
-0.1497025999  
0.1565330816  
-0.8760318524  
1.940243318  
0.1951121656  
1.105963263  
-0.718304474  
2.297431593  
1.932789441  
-0.6731301083  
0.4360676399  
1.144034091  
1.413069436  
-0.242762168  
-2.585925757  
-0.259830125  
1.272558826  
-0.09107198859  
0.7987640716  
-0.1533185412  
1.433451794  
-3.231905184  
0.7399861008  
-1.478446337  
1.206088078  
-0.4263116924  
1.053996788  
0.800625548  
1.934632018  
-1.792119257  
0.8213594463  
-0.2610039422  
-0.07970673031  
2.350098388  
-1.114651982  
1.078034441  
-3.16938741  
-0.9889557032  
-0.7542817953  
2.828026861  
2.328087443  
-1.035617073  
0.2819969533  
-0.6250175245  
0.5025311635  
-2.4290764  
1.938418594  
0.8318542802  
0.2631069195  
0.3407344245  
-2.046145363  
-0.2185672511  
-2.431101287  
0.2296283514  
-2.083863357  
1.946912387  
-1.890588104  
-0.1228225122  
0.7186809951  
1.367220119  
1.117785995  
1.381069428  
0.8873094952  
-1.756572865  
0.5859997905  
-3.668363437  
2.062460313  
-0.1522696086  
1.213474241  
