-1.824591927  
-1.07931165  
-0.2287992038  
0.24769612  
-0.4280435892  
0.8022300444  
1.735116591  
0.8557175495  
0.18990806  
1.701966846  
1.745837193  
-1.050387188  
-1.525805919  
-1.824787315  
1.681358163  
1.026561404  
-0.765897631  
0.1150245974  
-1.527551997  
1.02790306  
0.07517804061  
-0.2708723479  
-0.4719051223  
2.039619165  
1.1618367  
-0.3684823897  
1.220918848  
-0.9931872713  
-1.70870977  
-1.383992781  
0.1906450035  
0.7870881862  
-1.564908125  
0.6100836146  
0.2265305903  
-0.1472822045  
-1.093936486  
-1.75390751  
0.5391220252  
0.06966439854  
-0.0005143152405  
0.5421594257  
1.549798442  
1.078634792  
1.021136955  
-0.8685925524  
1.075994421  
-0.3420171215  
-1.406360167  
0.1234926167  
1.760525686  
0.6531620498  
-0.1001931831  
0.2146152051  
0.3381956917  
1.213301622  
1.080289705  
0.08506764488  
0.2044506424  
0.5729698886  
-0.7928646049  
-2.389080244  
-0.2632612551  
-0.6402253921  
2.277579217  
1.386752932  
-0.09289016806  
-0.3301196061  
-0.2906485505  
-2.071349696  
-0.542475674  
-0.6043255079  
-0.8627361534  
-1.561527214  
-0.5242699606  
-0.6470599348  
-1.083860556  
-1.557402305  
-1.292072125  
1.118938929  
0.4659720942  
0.5438051196  
0.1484458722  
0.1418305712  
1.342382143  
1.654159618  
2.320828285  
1.594463965  
-0.5232236653  
-0.4749100761  
-3.183847562  
-0.02353457366  
0.6123210943  
0.3931171432  
-1.266171  
0.6924348309  
-0.2583511492  
0.4962253013  
-0.451714962  
2.236889198  
-0.4779665939  
-0.273136103  
2.115450135  
0.3535188719  
-0.2065210163  
0.5023176516  
0.9790160024  
0.1146548083  
0.4197109623  
-0.196515907  
-0.5106401636  
-0.1378310557  
-0.6843421294  
-0.3796056278  
-0.9478107977  
-0.4296908682  
0.4135222348  
-1.319919533  
-0.5662769268  
1.665597796  
-0.3040516237  
1.812105388  
1.068281719  
1.175537432  
-0.4396663676  
0.3308364884  
-0.3023729208  
0.6993043569  
-0.8334723985  
1.916036436  
-0.5390979972  
-2.32752167  
0.2960882098  
0.2039740547  
-0.4962944658  
-0.6057081178  
0.7078958823  
-0.3763903313  
-0.5685545067  
-0.7984354723  
1.768656794  
-0.222694051  
0.3877328618  
1.767611796  
-0.1056837374  
-1.830604525  
0.2510172532  
1.466602251  
0.7151449733  
0.9671224436  
0.8969341119  
-0.3517652722  
-1.815279046  
-1.673075153  
1.639546939  
1.22643584  
-0.5530425663  
0.6945537484  
-1.024450048  
-0.4005243645  
-0.8720787328  
-0.4667317888  
-1.70534995  
-2.271599867  
-2.572766599  
-0.3611990137  
-1.151738335  
-0.2387006104  
-0.4135617089  
0.612481618  
2.143471964  
2.633023046  
2.224650676  
-0.7032044652  
0.4502570168  
1.017601153  
0.905713984  
0.3913074783  
0.4876111638  
-0.1225889973  
-1.232982028  
-0.2455977413  
0.4542694687  
0.3982952105  
-0.9036519581  
-0.427394763  
0.5077323851  
-0.1999543429  
-1.020754101  
-0.8924250652  
0.7652436426  
1.13405888  
1.209617016  
1.756432907  
-2.056083171  
-1.717879967  
0.4543617774  
-2.011635178  
0.7407704861  
-0.2299167042  
0.4239944271  
-0.9564834923  
-0.04745991624  
0.6024845979  
1.377815579  
-0.6944566172  
-0.8822493378  
0.2109872099  
-0.09140148329  
1.082757436  
-1.016146703  
-0.6236906809  
-0.0287011616  
0.2601392989  
2.783480235  
0.5740159157  
-0.8196304221  
-0.3405652036  
-1.12895897  
-0.7021518827  
-0.7504430327  
-0.6747061908  
0.2366145316  
-1.314264649  
1.768139615  
0.1725181219  
0.2231770853  
-1.418484848  
-0.6048590379  
-1.409654813  
-1.336989594  
0.2407509121  
0.1965343653  
1.512774323  
-0.4104750653  
0.7396468208  
1.174012815  
0.05827489938  
-1.361081413  
-0.9573304251  
0.2408441982  
-0.04529866616  
1.843145824  
1.459102879  
0.4359153558  
-0.08450878056  
-0.8649375609  
-1.405207395  
-0.5927525831  
-0.2397516334  
-0.3306238432  
0.2164263839  
0.3680899231  
1.849183014  
0.2635796394  
0.1588090156  
-0.3650852289  
0.09414408532  
0.3245678415  
-0.7073104899  
-2.260414384  
-0.129356  
-0.1600205258  
-0.2907121154  
-1.762150236  
-1.610174058  
-0.4894140305  
-1.400805  
1.03359568  
0.04874483121  
2.037806728  
0.02893326067  
0.2356320542  
0.6631316407  
-0.03628394268  
-0.7369869819  
-1.005777587  
-0.5741607867  
0.6409754132  
1.204956232  
0.6519927544  
0.8144346721  
1.408126199  
-0.02702558148  
-0.6292615149  
1.105742157  
-0.8027823004  
-0.75571679  
-1.249193796  
0.8384127602  
1.286629942  
1.760812037  
0.2916693899  
-1.072498601  
-1.602485227  
0.05275570333  
-0.8343050637  
-0.1084582344  
0.7557485353  
-0.1999257308  
-0.2044091567  
-0.8844036824  
1.519452913  
0.01309436577  
-0.1820085298  
1.544713879  
-1.668121248  
-0.7200078663  
-0.6313466223  
0.3834152949  
-2.052243411  
0.1616108761  
-0.4501906509  
0.7190668453  
1.587420855  
-0.5664395535  
0.3841149427  
-0.6877151892  
-0.7471573877  
0.7839319631  
1.607298684  
0.2228820758  
0.9645648451  
-0.8839172942  
-0.5466292078  
0.2942275488  
0.6404649782  
1.485106927  
0.6663432015  
0.3209117671  
-0.3588621476  
-1.15147463  
-0.6139711335  
-1.424202904  
0.002330375397  
2.422236147  
0.986358831  
0.8476843345  
-0.5601595581  
-0.5008150266  
0.9399355536  
-0.5817002171  
-1.864718525  
1.001625402  
1.649619358  
-0.08654729635  
1.002081604  
-1.301585863  
-0.5879856874  
-0.4233869246  
0.8683533992  
0.1234282674  
1.389115084  
-0.9612430723  
-1.11014816  
-2.1674415  
-1.200124024  
-0.9736915485  
0.216007155  
-0.72339163  
-0.6683837878  
0.1527199297  
-1.432038635  
1.111866261  
-0.0519400546  
0.6826051021  
-0.6748018285  
-0.1252191314  
0.7912561441  
-0.4198783616  
-1.502521202  
-0.3546614791  
-0.06763494265  
0.4167234433  
0.5114397996  
-0.5985278863  
0.1347113974  
-1.065595792  
-0.1494839523  
0.4170805459  
1.175001325  
-1.387747803  
2.645959681  
0.4296719165  
0.532188456  
2.663134504  
2.228357781  
0.8346685697  
-0.7502728416  
-0.02448477794  
-0.4079731626  
0.3110003994  
-0.1021439922  
-0.8695261281  
-2.096249636  
-0.5328034454  
-2.266162818  
-0.5941606894  
-0.09302340485  
0.628415251  
-0.1637361127  
0.5012137971  
0.5603995682  
-0.8203842765  
1.935075654  
-0.2451105221  
1.592475905  
-0.275406428  
1.384863077  
-0.4587804523  
0.04081747942  
0.5827359661  
-0.8889472914  
-0.1544070817  
1.768224862  
1.122548894  
-1.222888469  
0.5656009  
-1.238634379  
-1.127503552  
-1.037943594  
0.7000476574  
-0.7862253566  
-0.5336750069  
-0.4410060908  
-0.9539192752  
0.4729906701  
-0.5134448578  
1.76053594  
0.9512921943  
0.2512542273  
-2.009578015  
-0.8473886301  
-2.005160019  
0.3715052283  
-0.7017780513  
1.908788014  
0.5575890439  
-0.3877032561  
0.2187231447  
-0.5205804515  
-0.09137761787  
0.2905983296  
0.3349845642  
-1.571936662  
-2.866111384  
-1.310703246  
-0.7743278673  
0.2872345188  
1.624913795  
1.08330079  
-0.7586806925  
1.061589581  
0.4405239755  
-0.01947192286  
-0.5232982821  
1.159950187  
0.6734116394  
-0.6696698563  
1.464997923  
-0.006382596667  
-0.8786367125  
0.426711258  
1.058772206  
0.3222705505  
-0.005881597194  
0.7650055177  
0.4468974197  
0.580704495  
1.569839387  
0.9273893409  
-1.421302442  
0.9888752516  
0.001182413159  
-0.3511126429  
1.027702501  
1.706762307  
0.05635162655  
1.186072232  
-0.08125353581  
-1.403254998  
-0.2999936155  
-0.4985885442  
-0.5855367095  
1.270258049  
-1.127423838  
-2.279445604  
0.4200720361  
-0.7713987872  
0.03577718088  
0.09089215896  
0.1068340731  
-0.8541995416  
-1.819363318  
-0.5153245714  
-0.9305227251  
-1.597028964  
0.5718439203  
-0.2849563199  
-0.2204934602  
3.054545742  
0.120813535  
1.13462696  
0.2479412503  
-0.5576687305  
1.032743249  
0.1831039889  
-1.334209391  
1.680184005  
-1.180347188  
-1.437740505  
0.3560058392  
-0.9003726641  
0.9848416957  
1.222750906  
0.9310671764  
-0.4455767406  
-1.418432293  
-2.344960491  
-0.6357663352  
0.9820931845  
0.7435326582  
0.3028848764  
0.400519085  
1.321166203  
0.1891753248  
0.7254268453  
1.714545857  
0.3977538108  
-1.238284925  
1.39893452  
-0.7647214891  
-0.1470951317  
-0.3020717026  
0.6020564854  
-0.803891541  
-0.004914182688  
-0.4761535333  
0.7195538914  
-1.502835799  
0.03166646271  
-0.5317892909  
-0.2303188292  
-1.453976536  
-1.413760051  
-1.368544813  
-0.5335226543  
0.6776899883  
0.7541681521  
1.269972508  
0.1098504724  
-0.7598856704  
-0.3535296424  
-0.3463507315  
0.342138659  
2.816602052  
-0.127570699  
-1.234756617  
2.072912343  
0.1494140807  
0.6850498466  
-0.2063889878  
0.8752201933  
0.1686749521  
1.021675828  
-2.154551448  
-1.264368869  
2.015162589  
-0.8402534114  
-0.6225589598  
1.698233714  
0.1218843966  
-1.500671878  
0.3439314339  
1.214305101  
0.0150080321  
1.26177917  
-0.3405433696  
0.7891819289  
1.59469289  
0.6102064381  
0.9020697196  
1.472042466  
0.03235137658  
-0.7954711864  
-1.216507061  
-0.9322908404  
-1.491305828  
-0.05859188443  
-2.624860004  
