-2.788492359  
-2.397044961  
-1.031107036  
-1.945073289  
1.027201767  
1.382498841  
1.318293253  
1.09079153  
1.258277643  
2.098718695  
1.137366485  
3.231190543  
2.871960287  
3.134211455  
1.320998171  
0.6858697199  
-1.370272861  
-1.186022096  
-1.468742434  
-3.9509104  
-4.533526652  
-4.487269909  
-2.414127575  
-2.371025429  
0.4720101329  
1.581559874  
0.9638687116  
1.521389049  
-0.1586667071  
2.068253899  
0.06714502509  
0.9209596126  
2.418390323  
2.974924972  
3.535585519  
-0.005943354925  
-1.494238069  
-1.758216254  
-0.8417820195  
-1.254943381  
0.6902983667  
0.329111986  
-0.4841167616  
-0.2090033246  
-0.7580502379  
-0.2620703014  
-1.488481878  
2.004156686  
1.033289476  
1.822565891  
1.627721897  
1.386928646  
2.425340625  
2.272074654  
2.889314508  
0.539837556  
0.06963668902  
-1.250780902  
-0.7345592685  
-1.176609416  
-4.112231792  
-3.143478192  
-1.307331309  
-0.3569892353  
-0.3629307766  
1.155625997  
1.348101088  
1.491482964  
1.438249457  
2.628580664  
1.461649177  
2.136427991  
1.658784084  
1.339618563  
-1.426875359  
-4.696897247  
-2.128622359  
-1.978689316  
-2.756259335  
-3.308114277  
-1.652713207  
-3.279377188  
-1.694350255  
-1.824956802  
-0.004278820191  
0.5360723207  
-0.07998206645  
3.077279259  
0.4644714215  
2.586937426  
2.051138719  
2.199843517  
-0.8220193055  
0.7885833122  
-0.0881572654  
0.06338895593  
-2.115757232  
-2.545354275  
-0.3078915882  
0.2765606196  
2.273501146  
0.1760658717  
-0.4167625025  
-2.58077639  
1.537949027  
1.116782031  
0.6568660509  
-1.596148967  
-1.038981839  
-0.3367041629  
2.053708655  
0.8360894961  
-0.1902835311  
1.904403466  
-0.2093044089  
0.2960193201  
-2.209541139  
0.09899941787  
-1.076835954  
2.069254083  
1.96916391  
2.185892506  
2.60564972  
4.324965798  
2.407035341  
0.7454347394  
-2.36883658  
-1.841405905  
-2.604572537  
-3.379161809  
-2.988834193  
-4.09453096  
-2.953610021  
-3.993088169  
-0.5433581759  
-0.05018667207  
2.123379288  
-0.2735946614  
2.643460819  
4.523366205  
2.377152662  
3.053419914  
2.545408487  
3.488783937  
1.371948714  
3.390411604  
2.519863226  
3.8195761  
4.045069046  
1.660957911  
-2.613720865  
-1.817165444  
-4.895568234  
-2.960472361  
-2.175126172  
1.444758633  
-1.636415868  
-0.517600086  
-1.335057354  
0.1499746922  
-1.192211513  
-5.947682741  
-5.899950488  
-3.842234039  
0.9046842795  
-1.065553049  
1.511830451  
-0.5785341641  
2.189182776  
2.607997677  
2.420169675  
0.9257509221  
3.833490871  
1.553515412  
1.241224116  
-0.2812954141  
-2.003256086  
0.4543631124  
-1.790496266  
-1.021641393  
-3.728266875  
-0.6540625822  
-1.443177676  
-2.254084942  
-1.319429718  
-0.8783727474  
1.66045656  
1.028929137  
3.407813512  
2.711112248  
3.381128194  
-1.198765472  
-0.9965912206  
-2.652950325  
0.1815298898  
-1.821816884  
-0.8923629301  
-2.306248291  
0.01094170735  
-0.4174079398  
-0.4092112143  
2.321659522  
0.698556652  
3.092751091  
1.470824671  
2.048243412  
1.530671121  
4.01973188  
-0.4185268396  
-0.505107312  
-1.794763966  
-0.6896219402  
-2.79874768  
-2.225969279  
-0.1262455726  
-3.226272057  
-0.3743429983  
1.432695202  
3.177822284  
2.126906614  
4.604127839  
1.089318338  
2.56260621  
2.105893791  
3.718638718  
0.4745267332  
-2.630873005  
-2.889040562  
-2.214809589  
-3.293150778  
-6.928864116  
-4.126997134  
-4.232635402  
-1.50510361  
-1.7982303  
1.752946897  
0.1693128724  
-1.226426429  
0.2166333539  
-0.7784293259  
2.035804958  
-0.7383718106  
1.074653433  
0.2754825678  
2.950562887  
1.81601785  
1.110919831  
2.246452617  
-0.5017167343  
0.9844770857  
-2.270253093  
-1.784962424  
-4.541523999  
-0.3433821429  
-0.5612906477  
1.651635883  
-1.41466834  
0.5217142723  
-0.2343554164  
-0.5961028707  
0.5477051471  
-0.6409576825  
0.7521753376  
0.07834177908  
2.586856243  
2.006856411  
3.459006261  
0.3235183787  
1.799386637  
0.6364345582  
0.7153557603  
-0.5629669347  
0.7134676301  
-1.704107954  
-2.265566952  
-0.832121017  
-2.557469524  
0.005223383414  
-2.6528732  
-0.9432265995  
-2.754254361  
0.5025133037  
0.5169274726  
2.045742527  
-1.764153096  
0.4765149282  
1.880660748  
0.5049249819  
2.096405612  
-0.1994975905  
1.128763749  
-0.5352850858  
0.6236288376  
-1.902945015  
1.197824738  
-3.383138815  
-3.302030192  
-0.7082337715  
-1.399621043  
0.6718296388  
-0.496025383  
0.877730193  
0.09194116471  
1.744077237  
0.1199761036  
2.179298357  
0.631489883  
2.8343275  
0.4770527284  
1.685498826  
1.899919372  
1.852682704  
0.794519837  
0.7345074725  
0.3608247841  
-1.831911601  
0.7944357821  
-1.132705263  
-1.592588062  
-4.054811895  
-1.844727081  
-2.752854332  
-0.5359952652  
-1.043902412  
2.73219271  
-0.5646585002  
2.68104679  
3.50397762  
0.835183145  
2.229600047  
0.3009061226  
0.8728533968  
-1.268630137  
2.372311913  
1.49679233  
0.4074525285  
-3.547669391  
-2.785548936  
-2.194228164  
-5.00268823  
-0.9442698902  
-0.4536081786  
1.492393992  
-0.7429310202  
2.392010664  
-0.5404639881  
0.9956655359  
-0.5773958966  
1.067720774  
-1.091886544  
-1.545405501  
1.705019339  
-0.3700861753  
1.414574595  
0.8247037796  
2.9559043  
0.8870301995  
3.960948183  
0.03181445007  
-0.5055490248  
-4.622861511  
-2.43793402  
-4.090650003  
-1.579607808  
-1.576948006  
-3.419132364  
-0.6579382429  
-0.8713507128  
-0.8811070707  
-0.3775281472  
1.791353914  
1.18924209  
2.443061528  
1.430666284  
2.966578262  
-0.7546738146  
-0.2091444484  
-2.455985653  
0.9842455842  
-1.074789468  
0.5994210832  
0.09849057059  
1.615986004  
1.951267363  
0.9174601203  
1.62779658  
-1.364076065  
2.31575463  
0.03102017546  
-0.04185686385  
-0.4272194971  
0.115235325  
-0.2114631503  
-1.819128781  
1.30008967  
1.125582817  
1.20312999  
-1.424174519  
0.7199557076  
-2.619331445  
-1.699555671  
-3.821312222  
-0.6969129552  
-0.2965524331  
-0.8711783957  
0.1510205508  
-1.280011259  
1.771652181  
0.7204065689  
0.8050046925  
-0.3829440309  
2.142207336  
0.06200604136  
2.779565115  
1.204717568  
2.427298559  
-0.4260678837  
0.5568093754  
-2.699615351  
-1.366973801  
0.4113500819  
-2.689528175  
-1.086923277  
-1.884241344  
1.335775627  
-1.587343841  
1.305837981  
0.2421377605  
1.706307421  
0.6938414377  
-0.01621910884  
0.3116179729  
-0.9627363524  
0.5807805369  
-2.104347391  
0.985444901  
-0.3921892818  
0.6934300597  
-0.1801231436  
2.403418488  
-1.506526319  
0.5410112528  
1.141230789  
0.121899089  
0.396735321  
-0.3071675293  
0.8516774811  
0.03273234937  
1.226393615  
-0.6884217874  
0.842500699  
-0.981868895  
1.166250778  
-2.06212954  
0.8847634298  
1.636331991  
-1.597440649  
1.05337397  
0.3481510344  
0.5597348989  
-2.921878286  
1.160685792  
0.06959605703  
-1.851307338  
0.8297054034  
0.04203562084  
1.794056138  
-0.4708545914  
1.958011385  
-0.3672870909  
1.105991611  
-1.201592454  
0.9191656155  
-1.247871562  
0.6582980776  
0.6705548983  
-1.186163026  
1.084681151  
-1.511518928  
-1.769774614  
-2.076900103  
0.3997557386  
-2.149339563  
0.9545573325  
0.8248537454  
1.898103763  
-0.1210415011  
3.127574028  
-0.816930878  
1.593510917  
0.1999710192  
-0.4500004602  
0.3202400453  
-0.9928522552  
-0.8798076944  
-3.133660004  
-1.040480002  
-0.7892098892  
0.209227627  
-1.663997632  
1.83922919  
0.9222383698  
2.000856124  
-1.28555132  
1.029381285  
2.462541227  
-0.6528541598  
-1.51179976  
-0.1317474263  
0.9757063358  
-0.9394619194  
0.7861728997  
-1.139065767  
0.3729882051  
-1.811088491  
0.4632303175  
-0.1794766175  
-0.3589177311  
1.0926017  
0.006488627665  
1.549648481  
-0.3647709395  
2.465233318  
0.9329296192  
1.570535618  
-1.260496278  
0.4793287279  
-1.071994366  
0.9284787588  
-1.378033561  
0.5900145921  
-1.989081327  
0.27519559  
-0.2507505962  
0.06862543188  
-1.919378863  
1.789085652  
-2.337230136  
-0.5264494027  
-0.307299949  
-0.6096316715  
2.233200285  
0.7715315325  
1.199939519  
0.7704311971  
1.830104099  
1.299420021  
1.955711599  
-0.8118604336  
-1.64773261  
-2.903268938  
-0.2186329623  
-3.110951877  
-1.713833316  
1.06805915  
-1.838342676  
-0.06687347199  
-1.415445469  
0.5590458682  
-1.065195601  
1.829528148  
-0.5100790442  
1.047400101  
1.937249526  
1.794387641  
1.880161498  
0.2833512497  
1.086861763  
-0.8572694123  
1.783819933  
0.2019474838  
-1.07507933  
0.009120952067  
-1.933125641  
0.7028910043  
0.6246189211  
0.8112345784  
0.531343317  
0.5235282108  
-1.941042531  
-0.9454882404  
-1.93520103  
-1.187141793  
-0.8902208132  
-0.8690818484  
0.4533797738  
-1.453752556  
1.805119958  
0.6241627323  
2.307359921  
