0.1240259161  
-0.2827780093  
-0.05558669914  
-0.2852874972  
-0.3433971828  
0.3195218175  
0.2093783183  
0.6171668376  
-1.210665216  
-0.6298356723  
0.1038949524  
0.1907307913  
0.8603510751  
0.2241648926  
0.9430124385  
-0.04482451457  
0.2808282887  
0.1144807641  
-0.04313149886  
-0.894559838  
-1.002878701  
-0.5199698695  
0.4260408254  
1.062693978  
0.6544129623  
1.069689783  
-1.25056605  
-0.6450659507  
0.03450556243  
0.7691991315  
0.772536471  
0.4328225927  
-0.5415409747  
-1.422504701  
0.8696620389  
-0.6782398516  
-0.343647245  
-0.1796852914  
0.4496956044  
0.9932758241  
0.8874590507  
-1.2244511  
-1.79485681  
1.084554624  
0.5250867497  
-0.03061992781  
-0.04552320242  
0.1884423863  
-0.6725754185  
-0.5115216367  
0.6071419127  
1.563817352  
0.01655106885  
-1.97203522  
0.6046026061  
0.6169790006  
0.1432459515  
0.0128919773  
-0.03280830634  
-0.3214783957  
-1.871586862  
-1.705065962  
-0.5671701783  
-0.265893469  
-0.9007158293  
-0.3550992615  
0.06713434427  
-0.1510438985  
-0.07276153081  
1.225367217  
1.219319814  
1.189938521  
2.604915555  
1.335406932  
0.222929603  
0.6100060024  
-0.8607834536  
-2.363711956  
-1.09407747  
-1.102521332  
-1.174646824  
-1.079112701  
-0.3468538282  
-0.2558529692  
-1.29110839  
0.838551635  
-1.026860415  
1.331033916  
0.9398731195  
1.187738762  
-0.4313554487  
0.9806527497  
1.274327869  
0.3121690098  
-0.3860540423  
0.2382194681  
0.3064776138  
-0.7960585997  
-0.2331083105  
-0.8157521767  
0.5393502942  
-1.092529279  
0.3143690429  
1.37630789  
0.4188158456  
0.7833022555  
0.4641548606  
-0.5968713062  
-0.1466286178  
-0.1137246781  
0.2072867996  
-0.8081480701  
-0.9057799734  
-0.4074475752  
-1.896818734  
0.09566235865  
-0.2421416424  
0.6371111399  
0.9482200997  
0.697128213  
-1.429006347  
-0.06733497597  
0.7109979691  
0.4343760087  
0.04226549741  
-0.1986750641  
-0.8397368422  
-0.5577262207  
-1.154578445  
0.03760565727  
0.8404839682  
-0.3425554199  
-0.1589217032  
0.681361169  
-0.1375448471  
-1.09590388  
-0.3259269871  
0.5205016546  
0.2206634148  
-0.3088049758  
-2.18895531  
-1.77214684  
-2.605008115  
-0.4605619163  
-0.7176912449  
-0.09587229009  
-0.2900432798  
0.5826130699  
-1.614948873  
-0.0396717769  
-2.174543229  
-6.405192993  
1.628912484  
-0.6134396333  
-0.04191844236  
-0.2471324411  
1.184667255  
1.229969299  
-0.2058389529  
1.010254576  
2.485316206  
1.177630696  
1.587241939  
0.1707462828  
1.583191957  
1.701505476  
1.635572203  
1.479693249  
0.2124585766  
2.540781155  
-0.6689590551  
-0.4416874118  
0.08479000944  
-1.178547838  
-0.2261749787  
1.020595416  
-0.2671302178  
0.8571723156  
0.6178333699  
1.736270342  
1.069267491  
2.049355743  
0.2147006958  
-0.2300206297  
1.471779546  
-1.351870665  
0.2555523415  
-0.4545415289  
-0.8215161525  
-0.6362505008  
0.153089576  
-0.2041492581  
1.589399068  
1.052356537  
1.309871595  
0.2090076898  
-0.05737340156  
-0.3862300495  
0.6643169575  
-1.086634977  
-1.313394865  
0.1085815447  
-1.998894408  
-0.3560705542  
-1.315286853  
0.1389353666  
-0.5724250507  
0.5278293165  
0.4859556375  
0.1860348217  
0.465247691  
-0.4028290355  
-0.2501578706  
-1.388344795  
0.5025081025  
-1.424879637  
-0.6365761576  
-0.4547087952  
-0.9591944173  
-1.544382339  
1.961021009  
2.536639131  
1.132775618  
-0.9414985886  
1.518102494  
2.0457873  
0.03290128548  
0.1449134315  
-1.480526016  
0.4051156255  
0.3218633966  
1.062994919  
0.275411624  
0.1052695402  
-1.631030783  
0.2161687217  
-0.801235703  
-1.645861878  
0.06640474495  
-0.8707495526  
0.6740145422  
2.259651345  
1.344018078  
0.1576793804  
0.4330013931  
0.3618132076  
-1.441846427  
0.9726799677  
-1.082990247  
0.6947459422  
-0.6061848203  
-0.4691301642  
0.5842857633  
0.3873934817  
-1.025379959  
1.007123236  
0.3836537546  
0.4047008436  
-0.1152259878  
-2.569609662  
-0.9468303065  
0.6624782034  
-0.2260694584  
-0.7694441987  
0.7609823779  
0.1912807166  
0.5200150281  
2.169049939  
1.351083885  
-1.035486888  
1.465642786  
-0.3623259342  
-0.0930030294  
-0.3075216409  
-1.635174029  
-0.2821309556  
-1.482359888  
-0.2739026641  
0.4377096854  
1.445267321  
0.6928158503  
0.08136116446  
-0.5445248353  
1.68851737  
-0.4449283869  
-1.007456436  
-1.487535561  
-2.455422112  
0.9840023413  
0.8027321369  
0.4723431717  
0.5923347583  
1.181921147  
-1.014351145  
0.5074062393  
0.4542787148  
-0.824101006  
1.454740181  
-0.9371736276  
-0.6919354658  
-1.18653516  
0.4031175654  
0.04079026244  
-0.3963589078  
0.3508132096  
0.5985383698  
0.1296449698  
1.551547945  
0.821765837  
0.227967858  
0.6705002872  
-0.39735949  
-0.2588115288  
-1.36935397  
0.8942946052  
-0.6772346421  
-1.181386616  
-1.874916991  
-0.08233424832  
0.367299946  
0.7164444287  
1.043097282  
-0.02950625048  
0.6000423796  
1.292607943  
0.6513589447  
-1.629942966  
0.1742941538  
-1.490631834  
-1.02635465  
-0.7656428409  
0.3820943137  
0.6158541786  
-0.2798077894  
0.3064029681  
1.376617958  
0.8116981597  
-0.4324966047  
1.591755167  
-0.5754772334  
-0.2893432675  
-1.277420682  
-0.5339866801  
-1.42864699  
-0.5565712422  
0.155967463  
0.6020132784  
0.9935742391  
1.07277327  
2.176023531  
-1.183556278  
0.7962221792  
-1.741090794  
-0.8737151779  
-0.2444887881  
0.08261540394  
0.08216511076  
1.182098771  
0.8266721297  
0.2431162536  
-1.063282514  
0.1814018043  
0.8553773954  
-1.408639907  
-0.8300933028  
-1.468359527  
0.7429702035  
-0.624918038  
1.153679255  
0.125720543  
-0.7923021211  
-1.530592528  
0.004680805746  
0.9394441638  
-0.2405028117  
-0.8464890651  
0.2409615063  
0.03692141689  
-0.5734195983  
0.8757539695  
1.290814728  
1.055185554  
-0.6454180088  
0.7539864547  
-1.054301366  
0.5402044252  
0.06606084896  
-0.2492793075  
-0.07744776087  
0.8386695513  
-1.057550197  
-1.577495104  
0.4523636207  
-1.917748391  
-1.252922259  
0.637473724  
0.6628186284  
0.9380447965  
1.903794318  
1.435635833  
0.9497107625  
2.16196797  
1.638179694  
-0.5502921093  
-1.401962252  
1.274550085  
-2.404645272  
-2.109846837  
-2.739146584  
-0.8133061792  
-1.061297063  
0.7166932748  
1.701579734  
1.489284773  
1.445806654  
2.876837238  
0.79562547  
-0.4821799362  
-0.267862693  
-2.206527431  
-0.5576597008  
-2.146142826  
-0.9354977253  
-1.344820274  
-0.7205581228  
0.3731216299  
-0.1256941543  
-0.2815817249  
1.848109914  
0.5772507147  
-1.931911755  
0.973320732  
-0.5621306702  
-0.09836234947  
-0.5333147502  
-0.4351623673  
0.4129456765  
0.9258332389  
1.588124135  
0.003674311906  
2.29696835  
1.087964069  
-0.9366981319  
-1.933695631  
-0.08640450521  
-0.6659073863  
0.5237799104  
1.07047813  
-0.3359992783  
0.4657099831  
1.535507464  
0.5982838203  
1.031872536  
0.3977791248  
-0.1789537892  
1.329982967  
-1.952327028  
-0.8365350973  
-0.923895604  
0.1224011031  
0.4882026723  
-0.5773309288  
0.2325289669  
-1.887547428  
-0.8931726371  
-3.256781612  
-0.1797860773  
-0.5999175749  
0.04672408346  
2.113868428  
1.921209108  
1.972317817  
2.527486165  
0.3770566802  
-0.5304290487  
2.382821952  
-2.234306019  
-0.007000731777  
0.8132117088  
-0.1879660302  
-2.678078212  
-1.596514091  
-1.554756103  
-0.2569440135  
0.5907156875  
0.5637312792  
0.6200377318  
2.824801677  
0.4081939927  
-0.6258903291  
-0.3610284239  
-1.001019709  
0.2489322999  
-2.390527049  
0.7744049634  
-0.1942442052  
-1.51056017  
-1.039759545  
0.4402631639  
-1.106427143  
0.8988863032  
0.3865928371  
-0.1097595764  
1.235071521  
-1.953136171  
2.702361636  
-0.4491270755  
-0.5580562188  
-0.209167327  
1.887846654  
-0.2825671144  
-1.170999224  
1.172495125  
0.4410563929  
-0.131519821  
0.7419045096  
1.767023274  
-2.567545677  
-0.5175049249  
0.2505037946  
-0.9470499389  
1.283704921  
0.7936627443  
-1.099282253  
0.08305504379  
0.06615795178  
-0.2025365942  
1.094536866  
1.650172114  
-0.6439807006  
0.1049467412  
-1.018623027  
-0.7151016531  
-1.0825695  
1.588847902  
0.2302523205  
1.366379464  
2.677376195  
0.2688312555  
0.8748225874  
-3.079554785  
-0.5330645073  
-2.974976793  
-0.9078380284  
-0.6125108827  
0.9272045928  
0.6283962026  
1.107522647  
2.05384436  
1.959267509  
0.3944409671  
1.347435329  
-0.4732443583  
-2.699146553  
0.06347348359  
-0.8073528676  
-0.2950135792  
-1.839811815  
1.370372162  
0.9339304944  
-0.7419231047  
0.7312052486  
-0.883501716  
0.2699328953  
-1.266679716  
0.8505223769  
-1.112756391  
0.9712910265  
-0.1740001195  
-0.6811644125  
0.3302825583  
-4.371912812  
-1.358658606  
-0.220568445  
-0.5027399995  
-0.1272530762  
2.960538341  
1.62648317  
0.1113592386  
3.266997362  
1.69525449  
0.1944216182  
0.6203270192  
0.8490162659  
-4.429970069  
-1.207530533  
-1.178666042  
-0.7738512927  
2.516735066  
0.210099913  
