-0.9885179568  
1.323289333  
1.053916022  
-0.8286564408  
-1.578565291  
-0.8014925141  
-0.8111491898  
-0.8416781443  
-1.42069965  
-0.2502165209  
1.677259651  
0.7317589257  
-0.9721418289  
0.9504770878  
0.5139671558  
-0.3656470705  
0.4229272828  
0.6439132827  
-0.1809796129  
1.72510557  
1.144489183  
-0.9059975977  
-0.09167397966  
1.330001939  
0.2743774775  
-0.7624895323  
-0.2193822555  
0.6452382844  
0.2090731468  
0.2781359638  
1.170740103  
0.9092046027  
0.4583822375  
1.300658093  
1.002038113  
-0.4587200699  
-0.7389144009  
0.6945551105  
0.3625080161  
0.4584672428  
-2.581955282  
-0.4221407211  
0.2974058902  
-0.8582356693  
0.2687835898  
1.398937345  
1.048549141  
-0.1783695489  
-1.504994697  
-1.77209345  
0.1267463184  
-0.5680391043  
1.289868158  
0.6362314008  
0.1217119613  
-0.3738957351  
-0.3036500696  
0.4803262102  
0.08432384176  
0.7589919841  
0.6724899899  
-1.76524547  
-0.6741364586  
-1.06742197  
-0.9274064274  
-0.9969603597  
-0.642864984  
0.008278098875  
0.6173021149  
-1.181028133  
-2.703628911  
-1.973005335  
-0.01318331955  
1.123287651  
0.9446074246  
0.1533974079  
-0.8947837919  
0.629725905  
0.8486685498  
0.5397928608  
0.6619161923  
0.9013058158  
-1.137445965  
-0.8935811078  
0.8080838436  
0.3106203729  
-0.2490547766  
-0.234417063  
-0.6114874532  
-0.2682575756  
0.03382767625  
0.7548677204  
0.3164098632  
0.3870387788  
1.179008762  
0.5599859916  
0.7605566689  
-0.1131642009  
0.9717209191  
-0.007520859551  
-1.311752309  
0.5654030854  
-1.967529212  
-1.596084849  
-1.148549015  
-1.763127337  
-0.7789624443  
0.0794369853  
-1.109227466  
-0.2978252352  
0.6715973059  
0.7634285066  
0.8806717781  
0.1889877072  
-0.5615363556  
0.1471310104  
0.4559881205  
-0.5133852857  
-0.1375786603  
0.4317176326  
-0.04726181176  
-1.010412826  
0.3605193694  
-0.7472024625  
-0.5849278471  
0.6482269149  
-0.3364771868  
1.040343129  
-0.5795090748  
0.09041105135  
1.177346102  
0.1514894137  
-2.054280859  
0.1480269596  
-1.078879741  
0.08378814695  
0.03029857984  
0.6467639578  
-0.9580149711  
1.423389417  
0.01962167819  
-0.908763154  
-0.2599996157  
0.483111809  
1.345348405  
0.7474530466  
0.5091291725  
-0.2446735718  
-1.477284815  
0.5023152118  
0.2663489683  
1.412858835  
0.9460193953  
1.40762585  
2.401026102  
1.724554461  
0.6962673716  
0.7598162456  
0.2078609243  
-0.1050720781  
0.3632140286  
0.471944265  
-2.069314736  
-0.1724628748  
-0.3650739754  
-1.080304671  
-0.1222144864  
1.000291809  
2.15477685  
-0.6812210935  
0.4126321237  
-0.3648758993  
1.179137242  
0.5518210717  
-1.075837462  
-0.2139421224  
-0.6227887734  
-0.5248575427  
-0.2060883543  
-0.05845578254  
-0.6402775238  
-0.4083638837  
-1.041644331  
-0.2517363533  
1.269856002  
-0.6811496546  
0.2779003277  
1.347027445  
0.4980320159  
0.5995709744  
-0.2765675057  
0.6559275078  
1.630641525  
-1.363616625  
0.5937564974  
-0.201603866  
-0.5217488911  
-0.7807990807  
-0.5543729334  
-2.046686627  
-2.035095127  
0.9156743879  
-0.3653168506  
-0.9212555404  
-0.9832674993  
-0.07517828303  
-0.5752373026  
-0.4673744248  
0.5723732798  
0.3383315606  
0.6077823337  
0.2405640038  
0.01577832582  
-1.471078079  
-0.8773600705  
0.2865923689  
-0.5358250996  
0.5720227719  
1.851279567  
-0.6956606302  
-0.3035193818  
0.74827758  
0.1526268552  
1.353624394  
0.306779347  
0.2841634883  
0.7949127466  
-0.15001212  
0.3923009523  
-0.2939942618  
-0.3322749451  
0.7258135351  
0.8617470365  
-0.431547807  
-0.8509771079  
-0.05079245293  
-0.2356246613  
0.7320581847  
-0.5691311299  
-1.383277437  
-0.5718311005  
0.2271424104  
0.3789608841  
1.069783704  
1.430157067  
1.430913974  
-1.504305695  
-0.5009627054  
0.4929804866  
0.3610891963  
-1.158715265  
0.1199147773  
1.05879665  
0.9310423715  
-1.320268934  
-2.055270489  
-0.3904690355  
-0.3928661518  
0.5369677421  
-0.0203357021  
-0.01106268446  
-0.03923303504  
-0.287285115  
0.7609181088  
1.226017185  
-0.09782681088  
0.5060761952  
-0.01652055179  
0.8661588789  
0.4580747439  
-0.3654665619  
-1.293095558  
0.6886801305  
1.31665173  
-0.7195627154  
-0.8052608192  
-1.648350129  
-2.111467745  
-1.232228575  
-0.04721123246  
0.9199647155  
-0.01699570555  
-0.2129721385  
0.2818602175  
-0.2486055865  
1.234263116  
0.42951991  
0.3958801621  
-0.2066429738  
-1.552588604  
0.236327336  
1.435834589  
1.244106435  
-0.5106211175  
0.7941466374  
-0.5004214797  
-0.4173464472  
-0.4634551061  
0.03490926978  
-0.04551150094  
0.01335648917  
1.946494759  
0.646768066  
0.4640997062  
-0.2801492681  
-0.5088024851  
0.2079296438  
-1.103593115  
-0.3790782435  
-0.2348032493  
0.3128218931  
0.7580702446  
-0.6095159587  
-0.9136937132  
0.09119542126  
0.3545090101  
-1.544141569  
-0.02952674104  
1.492134404  
1.010413196  
-0.7587977195  
-0.1359201311  
0.3595384575  
-0.4533936091  
0.06835798703  
-1.206212249  
-0.7753461722  
-0.6226847563  
1.293005241  
0.6384964142  
1.223630035  
-0.3835741284  
0.2542336753  
1.526063537  
0.8432801318  
0.01568461385  
0.4064332633  
0.5534740566  
0.1685069903  
1.132725307  
-0.7022254597  
0.3983106509  
0.06370337562  
0.1261712165  
-0.1233331587  
-0.798770633  
-0.2562509196  
-1.663136443  
-0.6791045672  
0.1450912422  
0.2044501049  
0.1870242209  
-1.335879873  
0.2422782824  
1.056387676  
-0.1104265221  
-1.21919964  
-0.006332419231  
-0.2045982176  
0.3182979662  
0.3604562334  
-0.7591123165  
-0.4753626254  
-1.51874131  
0.2158158273  
-0.09418107869  
-0.2096583096  
-0.8466991157  
0.1638786173  
0.5243947129  
-0.3701611027  
-0.3186280618  
-0.4127647472  
-0.7602142332  
-1.166299562  
0.2597701317  
0.241307942  
0.1241786625  
1.492901599  
1.064596752  
0.3027707563  
-0.8502739373  
-0.3246428031  
-0.712082553  
-0.282333309  
1.840673506  
0.5595300523  
0.9123561749  
-0.0609802363  
0.8893763243  
-0.682679567  
-0.7769143503  
0.3499576249  
0.8039338344  
-0.2371368006  
-0.9028543371  
-0.09173425169  
0.2819833085  
0.4087914699  
-1.101736971  
1.047025816  
1.036745601  
-0.1278221527  
0.8866481938  
0.5129776087  
1.501541134  
-1.522115563  
-0.1178558359  
1.140162954  
-1.117534835  
-0.08567833959  
-0.1704254267  
-0.6838761278  
0.1893435425  
1.900677984  
1.280840849  
-0.4170440084  
1.256847301  
0.6765488538  
-0.30660258  
0.4173461776  
0.5533877395  
-0.6496626658  
-1.497243561  
0.644146733  
-1.580012287  
-2.420856013  
-1.586318494  
0.3726921371  
-1.844824136  
-0.9982754469  
-0.3226675764  
0.02648795557  
-0.8761283297  
-0.4314548129  
0.3462439196  
-0.6724725365  
-1.448301654  
-0.6270974572  
0.4030308202  
-0.08123480729  
-0.04600481404  
-0.1053026737  
0.08410077455  
0.5776336693  
0.3561833174  
0.5183404071  
-0.4476144311  
-0.4159632263  
0.4099781748  
0.7860252977  
0.01367904614  
1.059213233  
-0.1734840046  
-0.727296776  
-0.3208853663  
0.7665249352  
1.316373348  
1.703868299  
0.4467245252  
0.2722097778  
0.08239737772  
0.7441321773  
1.084126706  
1.348601421  
0.3321858846  
0.112443918  
0.4004443692  
0.2488842237  
1.387418289  
-0.8698570053  
-0.6628069484  
1.86269166  
-0.4145170412  
-0.56255899  
-0.5496967869  
-0.553506629  
-0.4634738881  
-1.46990997  
-1.946449634  
-1.106974603  
0.560977217  
-0.6375582154  
-1.632737897  
-0.251893084  
-0.7555642977  
-0.3505095941  
2.282231814  
0.7504427267  
0.394376279  
0.3600458301  
0.2872852241  
0.9527774958  
0.4262117646  
-0.1981000268  
0.01090111913  
-1.137471052  
0.01035867679  
-0.4418363838  
-0.07699141301  
1.322730417  
-0.3456762115  
2.102516882  
1.463744622  
-0.9984599316  
-0.652105405  
-1.18845685  
-0.3125034973  
-0.04612809275  
1.494295335  
1.701249488  
0.5103018882  
-1.135343848  
-0.8032336463  
0.8357001899  
0.2403556858  
1.66120286  
0.3514725284  
0.5078780258  
-0.01151718928  
0.1268456993  
-1.732755535  
-0.418576705  
-1.484566922  
-1.027268234  
0.05328469227  
-1.060707927  
-0.7168149597  
-0.09618348046  
-0.2446215116  
1.202304479  
-0.324184851  
0.5307321684  
-1.53400911  
-0.307859383  
-0.7996274235  
-0.2025423336  
1.933857168  
0.4239209119  
0.350685166  
0.6220548138  
0.5266288109  
0.1162577526  
0.1397840983  
0.6149579872  
0.7616854485  
-1.139165137  
-0.4741952022  
-0.2327703304  
-0.2054466988  
-1.592112753  
1.340850678  
1.371005576  
-1.238459695  
-0.6131617266  
0.03080655647  
-0.4909892941  
-1.648346089  
-0.05709994519  
0.6816769966  
0.890354304  
-0.4652025543  
-0.2430033748  
1.107557032  
1.405163298  
-0.8382428446  
-1.287385696  
-0.168619395  
0.1063325493  
0.1301482001  
1.140122623  
0.1316970345  
-0.0464932964  
-0.6448644414  
-0.1383722133  
0.5199603478  
0.0696306925  
0.08090024145  
1.728419885  
-0.03131199675  
0.3543891312  
2.003586057  
-0.788101115  
0.6377959566  
-0.2810370488  
-0.6122901752  
0.07056841953  
-0.1891398153  
-0.5836693289  
-2.114907391  
