0.361805862  
0.527996866  
-0.2300723621  
0.2079611966  
-1.023283227  
-0.2093347011  
-0.4460468968  
1.884193314  
-2.416955829  
-1.200484617  
-0.607682754  
-1.184953449  
-1.03353137  
-1.100856313  
-0.457550315  
-0.6213332395  
1.735365772  
1.226614815  
1.516228215  
0.3522533613  
1.014834905  
1.833103531  
1.253368386  
1.72585044  
1.070465359  
0.1255573533  
-0.7771814954  
0.07895372433  
-0.5921735167  
-0.469259466  
0.373611077  
-0.5112128704  
-1.054507418  
-2.628282386  
0.1414874109  
1.163598839  
-0.8154501359  
1.851541483  
0.6430548512  
1.270256356  
0.950065076  
0.4663755789  
-0.9229001136  
1.842189509  
1.597297227  
-0.2009700185  
-0.9899878771  
-2.047008386  
-1.180486786  
-1.558359675  
-0.9704920122  
-1.045547491  
-1.201142502  
-0.1686924995  
1.834915197  
1.737989185  
-0.3898310874  
1.151483343  
0.7478819008  
1.272822013  
1.271811605  
0.6967586508  
-0.4381014692  
-0.4662922874  
0.3775001361  
-1.184345583  
-0.5475890141  
-1.595255514  
-0.9809765485  
-1.919878501  
-1.857105283  
-1.195046335  
0.9340068502  
0.1883245587  
0.3711961931  
0.483429028  
0.6090530398  
0.8869892925  
-0.2672441126  
0.3255931791  
0.08681888051  
1.555696463  
0.4806753406  
1.219243603  
0.1132812236  
0.9224127926  
0.9611351741  
0.04192352813  
-0.2530032716  
-0.5653414733  
0.8968244455  
-1.91955264  
-2.10184078  
-1.31460901  
-1.33187261  
-1.823076485  
1.748637149  
0.9958386467  
-0.05515830419  
0.1152566218  
2.242576854  
1.514297095  
-0.1708858234  
1.631948285  
1.49413836  
1.942667036  
0.5600115561  
0.2552252904  
-1.115942749  
-0.6568970336  
-0.6796040417  
-0.3871324215  
-0.8907952981  
-1.953225272  
-1.130424178  
-1.262025182  
-0.2478352038  
-0.9219487932  
-0.5068014935  
-0.9357515078  
0.05718582554  
-1.080420931  
1.045115446  
-0.7617072777  
0.2015954669  
0.2703379827  
2.146678259  
0.4848545082  
-0.587550085  
-1.172942753  
0.7256077011  
0.43137248  
0.1594554183  
2.511392187  
0.01053581986  
0.1393577975  
-1.42927565  
0.2806230525  
-0.126274635  
-0.2198706419  
-1.736808992  
-0.9987451855  
-0.888814957  
-1.050572472  
-1.430612023  
-0.3256288409  
0.9649648899  
1.715003167  
0.1875546836  
0.4623035768  
2.904260629  
-0.09214940539  
2.09895423  
1.914256204  
1.649073029  
0.9329189774  
1.092569189  
-1.898724263  
-0.4429528441  
-1.203856563  
-2.702722566  
-1.76050001  
-1.300025399  
-0.5112089796  
-2.000277812  
-1.55518988  
-0.8024100772  
-1.143071774  
-3.338379955  
1.765532004  
0.9183523336  
1.064179564  
-0.8710498581  
1.232069763  
0.5390335782  
-0.3457185598  
0.9173197888  
-0.1447126325  
-0.2055200693  
0.2099193566  
0.2714445786  
1.020966886  
2.3613503  
0.2239022658  
-0.2313335937  
0.7417176346  
1.167020323  
0.4419460307  
-0.9650250834  
-0.5394942551  
-1.916164163  
-0.1639740774  
-1.143693975  
-1.489013217  
-2.200190435  
-0.6023350247  
-0.6608803795  
-0.3435501878  
-1.163273514  
1.163082319  
-0.8791865453  
-0.4878199972  
-0.1725214509  
1.175925148  
1.780939766  
2.082238179  
1.446661758  
0.219539071  
2.050786338  
1.517049818  
1.848231758  
0.4903698751  
0.985173279  
1.050764849  
1.76956043  
-0.456940673  
-1.067641778  
-0.7398899999  
-0.3572044195  
-0.4656365678  
-0.7946275984  
-0.855607188  
-0.4371876435  
-1.418371347  
-3.082458273  
0.1367284152  
0.4736982166  
0.5244372127  
0.1025045078  
0.3407829028  
1.244724839  
0.9287791128  
3.012735563  
0.7414175255  
0.9260681016  
0.458739677  
-0.3472374127  
-0.2472224438  
-0.874867833  
-1.88395174  
-2.822541299  
-1.176877429  
-1.402959033  
0.5190479451  
-1.86919282  
-0.09799018537  
0.2478747964  
-0.2762264461  
0.7613963767  
-0.4657133224  
0.7284556827  
-0.3648699717  
1.172519538  
0.9983328483  
1.495195976  
-0.5379751574  
0.4138157509  
0.07532278905  
0.1606569546  
1.356358951  
-0.3160246413  
0.706113292  
-1.121033497  
-0.03819866234  
-1.194136864  
-0.8623217866  
-1.498977562  
0.2234320102  
0.1364268395  
0.4484777652  
-0.9666457686  
2.017321408  
-0.05449392575  
1.722213708  
2.546701464  
0.5313787919  
0.2029634828  
-1.991055549  
-0.2011900163  
-1.146680426  
0.553355776  
0.5635088609  
1.341454558  
0.4583191193  
2.21902995  
-0.6100392228  
0.8158564505  
0.6760745821  
-1.291065425  
0.9898247733  
-1.431978446  
-0.294530445  
-1.462950008  
-0.1999691061  
-2.153725102  
0.1436046149  
-0.5797993692  
-0.4617732492  
0.1673615828  
0.1942625069  
0.5550645701  
-1.54260671  
-0.1085436268  
-1.037133992  
1.054439815  
0.6825892295  
0.4547953338  
-2.052485571  
1.566652499  
0.353981708  
-1.485228655  
-1.221478427  
0.01703590504  
-1.511357247  
0.9103036424  
1.494872713  
0.4408459288  
0.8191846989  
-0.05559440075  
1.881475902  
0.01127942884  
1.258288781  
-0.2448326394  
1.940319642  
-1.522120753  
1.190326855  
-0.9282085168  
-1.302686268  
-0.6526453713  
-0.5734753954  
0.02868021033  
-0.5397046517  
-1.321342895  
-2.599304073  
0.8198271492  
0.8040981266  
3.027504653  
1.338090349  
1.203385581  
1.219885638  
0.3202014502  
0.1123522411  
-0.6387656245  
0.06782426468  
-1.546753568  
1.160308941  
-0.3338104342  
2.048944056  
0.08701503511  
1.551081353  
0.5460450265  
0.5220433044  
0.5453800401  
-2.210099895  
0.1100376757  
-1.294951345  
-0.9642698689  
-1.348990746  
-0.3886232613  
-1.175861693  
-0.6902626328  
-1.699324274  
2.058268135  
0.2559628037  
-0.2429646906  
-0.9778274649  
-0.7002803369  
0.5552423716  
0.6153115415  
2.565034706  
2.212513325  
-0.6342369871  
-2.654122018  
-0.1131096914  
-1.497056513  
-1.236616862  
-1.652477024  
0.8820598934  
-1.698810703  
-0.003302978917  
-0.8578526828  
-0.4131721439  
-1.36711222  
1.166614058  
1.931695037  
1.496172917  
1.650545846  
0.7543183775  
1.753720167  
-0.3754258337  
2.041641646  
0.147040512  
-0.3603780895  
-0.3229464044  
-0.7185210314  
-1.677167456  
-2.478540783  
0.733145775  
0.01976536115  
0.3627732116  
-0.8367103136  
0.06756356067  
-0.3113052271  
0.9172200224  
0.3680087889  
1.791899123  
-0.06451903231  
-0.04035913937  
1.017219354  
-0.7734740501  
-1.094140686  
-2.702906304  
-1.05837674  
-1.614014666  
-0.21100784  
-0.7331224559  
-0.4181521318  
-0.6920975996  
3.383197703  
0.7816909383  
0.1891311931  
1.686351306  
0.9197438626  
0.8642166937  
-0.04382434806  
1.275079587  
-0.9258948788  
0.1547292484  
-1.667219877  
0.9712695975  
-0.5644807943  
-0.2088171737  
-0.4730047017  
-1.269299914  
-2.007048069  
-1.585624134  
0.1918232139  
-0.66341291  
-0.6878552234  
-1.871966886  
2.320821432  
0.1414658774  
1.651100895  
1.701640905  
0.1839915993  
0.2360240584  
-1.118384584  
1.30424106  
-0.5440517047  
-0.1430061031  
0.05353353256  
-0.6020312292  
-3.018914636  
0.8430553384  
0.6352957693  
1.637840237  
0.3161500313  
0.5046682059  
-0.05309615413  
-1.840955147  
2.014161868  
-0.1923226694  
0.5605102516  
1.384431237  
0.2975755529  
0.1176908556  
0.1710526391  
-0.2677487009  
-1.118340624  
-0.1943624871  
-0.4714367138  
0.3958829228  
-2.488454814  
0.1450420822  
-0.3447912249  
0.9526554714  
0.93312971  
0.5342288029  
0.9218930515  
1.234791446  
0.5710114004  
-0.3093417677  
-0.005573435052  
0.4978284719  
-0.4654222249  
-0.8683571023  
-0.8785428853  
-0.3493177825  
1.341258352  
-1.311697781  
1.058992218  
0.3650171592  
-0.4765713713  
-1.330077474  
-1.295752061  
0.7445830957  
-1.088909511  
1.463942199  
1.684283402  
-0.4348535122  
-1.977070193  
0.6471886776  
-0.9511582339  
1.123051487  
-0.8654323033  
0.04921941939  
1.027203291  
0.2098941783  
-0.09751701495  
-0.09126069253  
-0.1760151162  
-0.8515033678  
-0.2188173519  
0.2476222961  
-0.03866782515  
-1.142863661  
-0.4414657126  
-1.361417715  
0.5849756557  
1.449147912  
0.08232888815  
1.90414991  
1.837809356  
-0.7823759335  
-0.4488238854  
-0.08133148223  
0.004445712547  
-0.9383655316  
-0.7600985883  
0.6164419647  
-2.395284663  
0.4831255027  
-1.285287843  
-0.9243015821  
-1.326971152  
-1.000112058  
0.4173418794  
2.029242164  
-0.2342343318  
1.89368053  
2.347544507  
2.278348271  
0.4044769738  
-0.6898226373  
0.237106276  
-0.04116903168  
-0.2539863542  
-1.151418102  
0.04679645641  
-0.8958645702  
0.3295845575  
-2.964429611  
0.9326512042  
1.293100455  
1.274886871  
1.649231877  
1.306817983  
-0.7597909435  
-1.487387617  
1.024403227  
-0.2062619021  
2.07403172  
-0.7276315738  
-2.159642314  
-1.816913045  
0.4745895084  
-0.810857904  
-0.6743236957  
0.9293055157  
1.283908301  
1.749615746  
0.8000391832  
-0.04393883081  
1.411907841  
-0.3745418627  
-0.4741599125  
0.5224813659  
0.4902066628  
-1.63309724  
0.9123120912  
0.07996573386  
0.974986805  
-0.500437226  
0.07268762984  
0.7515640326  
0.2223232157  
-0.643181027  
-1.751831548  
-1.142883124  
-0.4930421226  
